192607    2.95   -2.50   -2.67    0.22
192608    2.63   -1.20    4.50    0.25
192609    0.38   -1.33   -0.30    0.23
192610   -3.24   -0.13    0.79    0.32
192611    2.54   -0.24   -0.39    0.31
192612    2.62   -0.22   -0.11    0.28
192701   -0.11   -0.17    4.86    0.25
192702    4.11    0.37    3.26    0.26
192703   -0.15   -1.62   -2.62    0.30
192704    0.52    0.25    0.66    0.25
192705    5.40    1.34    4.65    0.30
192706   -2.04    1.06   -2.19    0.26
192707    7.10   -3.15   -0.97    0.30
192708    1.96   -0.65   -3.59    0.28
192709    4.82   -3.59   -0.82    0.21
192710   -4.51    2.26   -4.02    0.25
192711    6.86    2.42   -0.93    0.21
192712    2.50    0.52   -1.45    0.22
192801   -0.80    4.38   -0.74    0.25
192802   -1.61   -2.17   -0.66    0.33
192803    8.76   -0.12   -1.02    0.29
192804    4.20    3.90    3.75    0.22
192805    1.67    2.73   -3.80    0.32
192806   -4.92   -3.48   -0.14    0.31
192807    0.58   -1.36    0.05    0.32
192808    6.57   -1.35   -2.04    0.32
192809    2.77    1.57    1.42    0.27
192810    1.30    2.49   -3.09    0.41
192811   11.90   -2.43    3.06    0.38
192812    0.28   -0.99   -0.21    0.06
192901    4.55   -2.59   -2.22    0.34
192902   -0.38    0.68    1.44    0.36
192903   -0.90   -4.44    0.96    0.34
192904    1.36   -0.69    0.85    0.36
192905   -6.65   -6.42    1.36    0.44
192906    9.68   -1.61   -3.10    0.52
192907    4.55   -4.35    1.97    0.33
192908    8.11   -8.26   -0.69    0.40
192909   -5.51    1.34   -0.88    0.35
192910  -20.06   -3.33    7.95    0.46
192911  -12.68   -1.94    5.33    0.37
192912    1.37   -4.40    0.51    0.37
193001    5.57    3.85   -1.97    0.14
193002    2.54    0.29   -0.20    0.30
193003    7.23    3.28   -0.06    0.35
193004   -2.23   -0.77   -1.32    0.21
193005   -1.57   -1.92   -0.97    0.26
193006  -16.15   -2.73    1.93    0.27
193007    3.85    0.29   -2.29    0.20
193008    0.30   -2.12   -0.88    0.09
193009  -12.84   -2.27   -4.47    0.22
193010   -8.86   -0.31   -1.17    0.09
193011   -2.90    2.24   -3.16    0.13
193012   -7.87   -4.86   -5.62    0.14
193101    6.21    3.65    7.45    0.15
193102   10.74    3.02    1.52    0.04
193103   -6.51    3.34   -3.42    0.13
193104   -9.92   -4.19   -3.46    0.08
193105  -13.18    5.49   -6.33    0.09
193106   13.79   -5.39   10.33    0.08
193107   -6.62    1.33   -2.83    0.06
193108    0.41   -1.90   -1.35    0.03
193109  -29.10   -0.36   -6.32    0.03
193110    7.89   -1.48    0.98    0.10
193111   -9.22    4.84   -5.80    0.17
193112  -13.43   -1.51   -8.40    0.12
193201   -1.57    4.28    9.73    0.23
193202    5.41   -2.29   -2.70    0.23
193203  -11.09    1.79   -1.10    0.16
193204  -18.02    1.59    1.74    0.11
193205  -20.50    5.08   -4.11    0.06
193206   -0.71   -0.87    7.05    0.02
193207   33.60   -2.27   34.08    0.03
193208   36.46   14.88   29.23    0.03
193209   -3.06   -2.78   -6.38    0.03
193210  -13.08   -2.77   -9.72    0.02
193211   -5.61    1.23  -12.57    0.02
193212    4.36   -8.94   -7.50    0.01
193301    1.27    0.63    6.88    0.01
193302  -15.10   -3.00   -2.79   -0.03
193303    3.35    4.29    6.67    0.04
193304   38.04    4.35   18.72    0.10
193305   21.38   37.45   17.70    0.04
193306   13.08    8.11   -1.46    0.02
193307   -9.59   -0.10    2.09    0.02
193308   12.03   -4.24    0.91    0.03
193309  -10.57   -0.25  -12.53    0.02
193310   -8.33   -0.32   -8.32    0.01
193311    9.96   -6.36    2.07    0.02
193312    1.89    0.13   -2.14    0.02
193401   12.64   12.15   16.85    0.05
193402   -2.46    4.47    3.42    0.02
193403    0.05    2.36   -3.26    0.02
193404   -1.82    2.67   -4.34    0.01
193405   -7.17   -0.71   -5.62    0.01
193406    2.64   -2.54   -2.68    0.01
193407  -11.02   -6.89  -10.11    0.01
193408    5.71    5.35   -0.78    0.01
193409   -0.22   -1.45   -0.75    0.01
193410   -1.74    1.54   -5.01    0.01
193411    8.42    7.12   -2.98    0.01
193412    0.37    2.85   -2.44    0.01
193501   -3.43    0.74   -1.60    0.01
193502   -1.87    0.15   -6.58    0.02
193503   -3.68   -3.40   -5.23    0.01
193504    8.98   -1.63    4.29    0.01
193505    3.47   -3.36    2.11    0.01
193506    5.87   -4.98    2.26    0.01
193507    7.51    1.96    6.68    0.01
193508    2.58    6.82    6.35    0.01
193509    2.64    0.78   -4.88    0.01
193510    7.02    3.31   -1.94    0.01
193511    4.85    4.14   12.38    0.02
193512    4.56    0.38    0.70    0.01
193601    6.77    5.77   10.45    0.01
193602    2.52    0.75    4.07    0.01
193603    1.04    1.06   -1.50    0.02
193604   -8.14   -6.12   -2.43    0.02
193605    5.17    0.80    2.65    0.02
193606    2.40   -2.81   -0.98    0.03
193607    6.68    1.48    3.00    0.01
193608    0.98    0.61    3.99    0.02
193609    1.01    3.15    0.35    0.01
193610    7.11   -2.25    2.37    0.02
193611    3.25    8.83   -1.63    0.01
193612    0.28    3.13    3.62    0.00
193701    3.26    4.25    2.52    0.01
193702    1.09    1.64    5.35    0.02
193703   -0.28   -2.25    6.33    0.01
193704   -7.32   -3.56   -4.11    0.03
193705   -0.83   -0.70   -4.02    0.06
193706   -4.21   -3.62   -3.27    0.03
193707    8.82    1.02    0.60    0.03
193708   -4.84    0.42   -2.34    0.02
193709  -13.58   -7.05   -4.23    0.04
193710   -9.58    0.50   -1.39    0.02
193711   -8.29   -3.54    0.22    0.02
193712   -4.20   -7.63   -1.03    0.00
193801    0.52    4.94   -1.70    0.00
193802    5.85    0.43   -2.27    0.00
193803  -23.80   -4.20   -3.36   -0.01
193804   14.48    6.59    0.49    0.01
193805   -3.80   -2.83   -0.14    0.00
193806   23.72    4.50    0.34    0.00
193807    7.34    6.58    1.32   -0.01
193808   -2.66   -2.64   -4.44    0.00
193809    0.81   -2.84   -1.17    0.02
193810    7.76    5.83    5.10    0.01
193811   -1.73   -2.45   -1.62   -0.06
193812    4.21   -1.48    0.23    0.00
193901   -5.93   -2.00   -3.12   -0.01
193902    3.50    0.52    3.24    0.01
193903  -11.93   -5.49   -7.80   -0.01
193904   -0.20    1.60    0.31    0.00
193905    6.78    3.05   -0.03    0.01
193906   -5.27   -1.66   -5.34    0.01
193907   10.19    4.15    0.50    0.00
193908   -6.63   -4.67   -2.60   -0.01
193909   16.96   19.66   22.56    0.01
193910   -0.53    0.07   -4.87    0.00
193911   -3.60   -4.86   -6.38    0.00
193912    3.04    0.54   -4.20    0.00
194001   -2.40    0.12   -0.71    0.00
194002    1.42    2.41   -0.37    0.00
194003    2.03    1.23   -1.26    0.00
194004    0.21    3.76    0.00    0.00
194005  -21.92   -6.37   -4.18   -0.02
194006    6.66   -2.36    4.99    0.00
194007    3.17    1.27   -1.05    0.01
194008    2.19    0.23    0.24   -0.01
194009    2.41    3.44   -1.64    0.00
194010    3.00   -0.21    4.53    0.00
194011   -1.60    1.64    0.73    0.00
194012    0.71   -2.10   -1.26    0.00
194101   -4.14    1.02    3.93   -0.01
194102   -1.45   -1.49    1.13   -0.01
194103    0.85    0.17    3.19    0.01
194104   -5.47   -1.85    3.53   -0.01
194105    1.31   -0.71    0.35    0.00
194106    5.83    1.56    0.36    0.00
194107    5.73    5.95    7.75    0.03
194108   -0.16   -0.58   -1.08    0.01
194109   -0.84   -1.09   -0.03    0.01
194110   -5.13   -2.28    1.57    0.00
194111   -1.89   -1.34   -0.38    0.00
194112   -4.89   -3.09   -5.76    0.01
194201    0.76    7.64   10.07    0.02
194202   -2.46    1.67   -1.14    0.01
194203   -6.55    1.65   -0.41    0.01
194204   -4.36   -0.67    1.95    0.01
194205    5.90   -2.89   -2.96    0.03
194206    2.69   -1.00    0.47    0.02
194207    3.49   -0.28    2.46    0.03
194208    1.79   -0.23    1.48    0.03
194209    2.63    0.52    2.46    0.03
194210    6.79    1.79    6.43    0.03
194211    0.17   -1.42   -4.26    0.03
194212    5.10   -2.35    0.71    0.03
194301    7.12    8.65    7.57    0.03
194302    6.15    4.75    6.25    0.03
194303    6.06    5.15    5.24    0.03
194304    0.79    1.99    5.77    0.03
194305    5.74    4.51    3.16    0.03
194306    1.82   -1.05   -0.67    0.03
194307   -4.76   -2.41   -2.21    0.03
194308    1.27   -0.55   -0.54    0.03
194309    2.39    1.28    1.41    0.03
194310   -1.14    0.55    1.65    0.03
194311   -5.88   -1.64   -4.02    0.03
194312    6.39    3.30    3.18    0.03
194401    1.72    2.58    2.11    0.03
194402    0.37   -0.09    0.79    0.03
194403    2.46    1.73    3.33    0.02
194404   -1.69   -1.31   -1.15    0.03
194405    5.07    1.60    1.12    0.03
194406    5.47    4.02    1.83    0.03
194407   -1.48    0.59   -0.30    0.03
194408    1.56    2.41   -1.61    0.03
194409    0.01    0.51   -1.15    0.02
194410    0.16   -0.13   -0.42    0.03
194411    1.71    0.30    2.19    0.03
194412    4.04    2.26    5.98    0.02
194501    2.00    2.50    0.94    0.03
194502    6.22    1.52    4.40    0.02
194503   -3.89   -1.59   -1.82    0.02
194504    7.78    0.35    3.25    0.03
194505    1.75    1.56    0.43    0.03
194506    0.39    3.02    4.37    0.02
194507   -2.16   -1.56   -2.73    0.03
194508    6.16    1.57   -4.42    0.03
194509    4.76    1.77    0.07    0.03
194510    3.91    2.37    2.30    0.03
194511    5.38    4.34    4.28    0.02
194512    1.19    2.19   -2.25    0.03
194601    6.24    4.04    2.31    0.03
194602   -5.83   -0.80   -1.50    0.03
194603    5.84    0.47   -0.39    0.03
194604    4.24    2.36    0.18    0.03
194605    3.92    1.66    1.07    0.03
194606   -3.88   -1.58   -0.48    0.03
194607   -2.69   -1.99    0.21    0.03
194608   -6.43   -1.73    0.49    0.03
194609  -10.16   -4.42   -2.00    0.03
194610   -1.42    0.08    3.29    0.03
194611   -0.02   -0.40    1.15    0.03
194612    4.96    0.00   -1.33    0.03
194701    1.25    1.95   -0.60    0.03
194702   -1.06    0.75    0.15    0.03
194703   -1.67   -1.60    0.50    0.03
194704   -4.80   -3.88    0.72    0.03
194705   -0.97   -3.33    0.16    0.03
194706    5.28   -0.33   -0.51    0.03
194707    4.14    1.43    2.83    0.03
194708   -1.74    0.29    0.10    0.03
194709   -0.54    1.58    1.47    0.06
194710    2.47    0.56    0.04    0.06
194711   -1.98   -1.71    1.09    0.06
194712    3.00   -2.51    3.82    0.08
194801   -3.93    2.47    1.26    0.07
194802   -4.38   -1.69    0.02    0.07
194803    8.07    0.15    4.56    0.09
194804    3.65   -1.68    4.09    0.08
194805    7.30    0.90   -1.18    0.08
194806   -0.10   -1.84    2.69    0.09
194807   -5.09   -0.35    0.09    0.08
194808    0.25   -1.10    0.24    0.09
194809   -2.96   -1.26   -1.78    0.04
194810    5.96   -1.52    0.60    0.04
194811   -9.29   -0.52   -4.35    0.04
194812    3.25   -2.83   -1.86    0.04
194901    0.23    1.64    1.34    0.10
194902   -2.93   -1.86   -0.89    0.09
194903    4.04    2.32    1.51    0.10
194904   -1.86   -0.97   -1.06    0.09
194905   -2.95   -0.76   -2.43    0.10
194906    0.10   -0.84   -1.68    0.10
194907    5.53    0.58    0.39    0.09
194908    2.59    0.18   -0.44    0.09
194909    3.09    0.99    0.16    0.09
194910    3.14    1.02   -0.46    0.09
194911    1.82   -0.96   -0.87    0.08
194912    5.13    2.08    1.65    0.09
195001    1.70    3.34    0.16    0.09
195002    1.48    0.07   -0.78    0.09
195003    1.26   -1.41   -2.81    0.10
195004    3.94    1.88    1.33    0.09
195005    4.31   -2.09    0.39    0.10
195006   -5.94   -2.37   -0.75    0.10
195007    1.37    0.58   13.52    0.10
195008    4.86    0.78   -1.49    0.10
195009    4.80    0.50   -0.96    0.10
195010   -0.18   -0.52    1.43    0.12
195011    2.76   -0.89    3.21    0.11
195012    5.54    1.50    7.22    0.11
195101    5.70    1.73    3.74    0.13
195102    1.41    0.17   -2.88    0.10
195103   -2.15   -0.67   -4.17    0.11
195104    4.86   -1.50    3.24    0.13
195105   -2.34    0.04   -1.40    0.12
195106   -2.62   -1.96   -3.97    0.12
195107    6.94   -1.91    1.94    0.13
195108    4.27    0.84    0.25    0.13
195109    0.70    2.00    0.74    0.12
195110   -2.53   -0.38    0.13    0.16
195111    0.57   -0.32    0.37    0.11
195112    3.33   -2.08   -1.95    0.12
195201    1.45   -0.74    1.87    0.15
195202   -2.62    0.67   -0.23    0.12
195203    4.44   -3.01    2.22    0.11
195204   -4.97    0.41    0.28    0.12
195205    3.19   -1.07    0.18    0.13
195206    3.83   -1.62    1.17    0.15
195207    0.91   -0.31   -0.35    0.15
195208   -0.76    1.17   -0.11    0.15
195209   -2.04    1.24   -1.63    0.16
195210   -0.66   -1.11   -0.33    0.14
195211    5.94   -0.66    1.02    0.10
195212    2.93   -1.40    0.19    0.16
195301   -0.34    3.52    1.28    0.16
195302   -0.27    2.21   -0.07    0.14
195303   -1.43   -0.05   -1.05    0.18
195304   -2.83    0.33    1.51    0.16
195305    0.52   -0.06    0.16    0.17
195306   -1.89   -1.77   -0.51    0.18
195307    2.40   -0.99   -0.36    0.15
195308   -4.51    0.42   -3.63    0.17
195309    0.20   -0.77   -2.59    0.16
195310    4.59   -1.40    0.04    0.13
195311    2.83   -1.23   -0.37    0.08
195312    0.03   -0.74   -2.95    0.13
195401    5.13    0.45    3.46    0.11
195402    1.67   -0.19   -0.24    0.07
195403    3.65   -0.51   -1.55    0.08
195404    4.27   -3.47   -0.53    0.09
195405    3.09    0.37    2.53    0.05
195406    1.07    0.39   -0.01    0.06
195407    4.99    0.97    4.26    0.05
195408   -2.34    2.70   -1.46    0.05
195409    6.39   -2.56    0.67    0.09
195410   -1.67    0.57    0.72    0.07
195411    9.38   -2.57    4.05    0.06
195412    5.48    2.18    5.69    0.08
195501    0.60    0.20    2.29    0.08
195502    3.02    1.56    0.56    0.09
195503   -0.16   -0.66    1.95    0.10
195504    3.11   -1.83    0.79    0.10
195505    0.93   -0.25   -0.92    0.14
195506    6.55   -4.72    1.97    0.10
195507    1.90   -1.31    0.63    0.10
195508    0.21   -0.39    0.59    0.16
195509   -0.37    0.31   -1.07    0.16
195510   -2.68    1.49    0.02    0.18
195511    7.03   -2.44    0.44    0.17
195512    1.49    2.10   -2.32    0.18
195601   -3.04    0.41    1.16    0.22
195602    3.77   -1.02   -0.52    0.19
195603    6.64   -2.29   -0.44    0.15
195604    0.28    0.04   -0.10    0.19
195605   -5.20    1.44   -1.23    0.23
195606    3.48   -1.43   -1.33    0.20
195607    4.84   -1.77    0.11    0.22
195608   -3.17    2.27   -1.25    0.17
195609   -5.14    1.63    1.75    0.18
195610    0.52   -0.11   -0.03    0.25
195611    0.36   -0.08    1.65    0.20
195612    3.16   -0.09   -2.05    0.24
195701   -3.57    3.66    2.44    0.27
195702   -2.06   -0.77   -0.64    0.24
195703    2.13    0.22   -0.38    0.23
195704    4.26   -1.78   -1.28    0.25
195705    3.45   -1.09   -2.07    0.26
195706   -0.74    0.60   -0.10    0.24
195707    0.67   -0.52   -0.03    0.30
195708   -5.11   -0.02   -0.30    0.25
195709   -5.98    0.05    0.90    0.26
195710   -4.32   -2.58   -1.73    0.29
195711    2.30    0.33   -2.81    0.28
195712   -3.91   -0.93   -1.70    0.24
195801    4.66    4.34    4.28    0.28
195802   -1.52    0.71    0.27    0.12
195803    3.28    0.80   -1.21    0.09
195804    3.09   -0.66    1.61    0.08
195805    2.31    2.14   -0.21    0.11
195806    2.93   -0.25    0.51    0.03
195807    4.39    0.50    3.08    0.07
195808    1.91    1.18    0.31    0.04
195809    4.66    0.14    2.99    0.19
195810    2.53    1.16   -1.19    0.18
195811    3.01    2.03   -1.29    0.11
195812    5.15   -2.06   -0.09    0.22
195901    0.71    3.00    3.04    0.21
195902    0.95    1.54    0.99    0.19
195903    0.28    1.48   -0.40    0.22
195904    3.66   -0.53   -1.34    0.20
195905    1.73   -2.13    1.81    0.22
195906   -0.25    0.67    1.36    0.25
195907    3.17   -0.34    0.28    0.25
195908   -1.39   -0.80    0.41    0.19
195909   -4.81   -0.09    0.50    0.31
195910    1.28    1.41   -2.02    0.30
195911    1.60    1.27   -3.25    0.26
195912    2.46   -0.59   -0.07    0.34
196001   -6.98    2.04    2.69    0.33
196002    1.17    0.54   -2.00    0.29
196003   -1.63   -0.47   -2.87    0.35
196004   -1.71    0.38   -2.35    0.19
196005    3.12    1.26   -3.72    0.27
196006    2.08   -0.17   -0.27    0.24
196007   -2.37   -0.56    2.07    0.13
196008    3.01    0.88   -0.18    0.17
196009   -5.99   -1.15    1.59    0.16
196010   -0.71   -3.96    2.59    0.22
196011    4.69    0.34   -2.45    0.13
196012    4.71   -1.59   -0.75    0.16
196101    6.20    0.69    3.74    0.19
196102    3.57    3.95   -0.74    0.14
196103    2.89    3.19   -0.73    0.20
196104    0.29    0.11    2.03    0.17
196105    2.40    1.91    0.49    0.18
196106   -3.08   -2.46   -0.22    0.20
196107    2.83   -1.90   -0.12    0.18
196108    2.57   -1.81   -0.19    0.14
196109   -2.15   -1.12   -0.49    0.17
196110    2.57   -1.97    0.61    0.19
196111    4.45    1.05   -0.92    0.15
196112   -0.18   -1.12    2.20    0.19
196201   -3.87    1.84    5.00    0.24
196202    1.81   -1.18    0.90    0.20
196203   -0.68    0.24   -0.96    0.20
196204   -6.59   -0.99    0.44    0.22
196205   -8.65   -3.01    2.32    0.24
196206   -8.47   -0.77    2.80    0.20
196207    6.28    1.61   -3.61    0.27
196208    2.13    1.25   -1.22    0.23
196209   -5.22   -2.48    1.32    0.21
196210   -0.05   -4.01    1.37    0.25
196211   10.87    2.58    1.05    0.20
196212    1.01   -3.79    0.33    0.23
196301    4.93    3.09    2.22    0.25
196302   -2.38    0.48    2.24    0.23
196303    3.08   -2.51    1.94    0.23
196304    4.51   -1.33    1.02    0.25
196305    1.76    1.07    2.58    0.24
196306   -2.00   -0.26    0.75    0.23
196307   -0.39   -0.55   -0.82    0.27
196308    5.07   -0.97    1.63    0.25
196309   -1.57   -0.32    0.19    0.27
196310    2.53   -0.54   -0.11    0.29
196311   -0.85   -1.10    1.66    0.27
196312    1.83   -1.96   -0.11    0.29
196401    2.24   -0.18    1.64    0.30
196402    1.54    0.09    2.83    0.26
196403    1.41    1.00    3.36    0.31
196404    0.10   -1.41   -0.42    0.29
196405    1.42   -0.88    1.88    0.26
196406    1.27   -0.30    0.72    0.30
196407    1.74    0.23    0.70    0.30
196408   -1.44    0.09    0.12    0.28
196409    2.69   -0.52    1.65    0.28
196410    0.59    0.45    1.14    0.29
196411    0.00    0.60   -1.96    0.29
196412    0.03   -0.24   -2.58    0.31
196501    3.54    2.67    0.20    0.28
196502    0.44    3.48    0.19    0.30
196503   -1.34    1.78    1.07    0.36
196504    3.11    1.19    0.70    0.31
196505   -0.77    0.03   -1.62    0.31
196506   -5.51   -4.35    0.58    0.35
196507    1.43    0.85    2.22    0.31
196508    2.73    2.84   -1.07    0.33
196509    2.86    0.62   -0.11    0.31
196510    2.60    2.43    1.60    0.31
196511   -0.03    4.68    0.23    0.35
196512    1.01    2.07    2.08    0.33
196601    0.72    3.86    3.57    0.38
196602   -1.21    4.45    0.36    0.35
196603   -2.51    0.95   -2.05    0.38
196604    2.14    3.43   -0.45    0.34
196605   -5.66   -4.65   -1.65    0.41
196606   -1.44    1.06    0.49    0.38
196607   -1.63   -0.32    0.82    0.35
196608   -7.91   -3.32    0.56    0.41
196609   -1.06   -1.10    0.50    0.40
196610    3.86   -6.59    2.81    0.45
196611    1.40    4.33   -4.60    0.40
196612    0.13    1.86   -1.29    0.40
196701    8.15    8.43    2.03    0.43
196702    0.78    3.37   -2.26    0.36
196703    3.99    1.74    0.19    0.39
196704    3.89    0.57   -2.54    0.32
196705   -4.33    2.00    0.89    0.33
196706    2.41    6.00    0.95    0.27
196707    4.58    3.09    2.65    0.31
196708   -0.89    0.48    1.46    0.31
196709    3.11    3.09   -2.46    0.32
196710   -3.09    1.42   -3.38    0.39
196711    0.37    0.20   -1.71    0.36
196712    3.05    5.73   -0.39    0.33
196801   -4.06    3.90    4.77    0.40
196802   -3.75   -2.94    1.15    0.39
196803    0.20   -1.29   -0.59    0.38
196804    9.05    5.73   -1.02    0.43
196805    2.28    6.42    0.85    0.45
196806    0.69   -0.17    0.68    0.43
196807   -2.72   -1.31    5.48    0.48
196808    1.34    2.34    1.01    0.42
196809    4.03    2.80    0.26    0.43
196810    0.42   -0.47    2.91    0.44
196811    5.43    2.37   -0.90    0.42
196812   -3.94    3.44    0.02    0.43
196901   -1.25   -0.79    1.69    0.53
196902   -5.84   -3.88    0.92    0.46
196903    2.64   -0.26   -0.45    0.46
196904    1.46   -0.87    0.06    0.53
196905   -0.10   -0.27    0.73    0.48
196906   -7.18   -5.39   -1.10    0.51
196907   -7.00   -3.21    1.41    0.53
196908    4.68    0.94   -3.85    0.50
196909   -2.98    1.22   -3.21    0.62
196910    5.06    3.80   -3.22    0.60
196911   -3.79   -2.53   -1.11    0.52
196912   -2.63   -3.67   -3.08    0.64
197001   -8.10    2.91    3.07    0.60
197002    5.13   -2.39    4.02    0.62
197003   -1.06   -2.32    4.25    0.57
197004  -11.00   -6.11    6.39    0.50
197005   -6.92   -4.51    3.63    0.53
197006   -5.79   -2.13    0.79    0.58
197007    6.93   -0.55    1.05    0.52
197008    4.49    1.53    1.08    0.53
197009    4.18    8.62   -5.50    0.54
197010   -2.28   -4.22    0.21    0.46
197011    4.59   -4.07    1.69    0.46
197012    5.72    2.93    0.98    0.42
197101    4.84    7.44    1.35    0.38
197102    1.41    1.90   -1.34    0.33
197103    4.13    2.57   -3.99    0.30
197104    3.15   -0.48    0.74    0.28
197105   -3.98   -1.11   -1.37    0.29
197106   -0.10   -1.43   -2.00    0.37
197107   -4.50   -1.50    0.17    0.40
197108    3.79   -0.18    2.71    0.47
197109   -0.85    0.41   -2.94    0.37
197110   -4.42   -1.78   -0.47    0.37
197111   -0.46   -2.83   -1.74    0.37
197112    8.71    3.29   -0.30    0.37
197201    2.49    6.11    2.03    0.29
197202    2.87    1.38   -2.76    0.25
197203    0.63   -0.27   -1.69    0.27
197204    0.29    0.00    0.22    0.29
197205    1.25   -2.79   -2.69    0.30
197206   -2.43    0.33   -2.48    0.29
197207   -0.80   -2.88    0.77    0.31
197208    3.26   -4.07    4.68    0.29
197209   -1.14   -2.69    0.49    0.34
197210    0.52   -2.71    1.32    0.40
197211    4.60   -1.12    4.78    0.37
197212    0.62   -1.86   -2.29    0.37
197301   -3.29   -3.50    2.68    0.44
197302   -4.85   -3.99    1.68    0.41
197303   -1.29   -2.87    2.84    0.46
197304   -5.68   -3.98    5.66    0.52
197305   -2.94   -6.11    0.19    0.51
197306   -1.56   -2.94    1.43    0.51
197307    5.04    7.86   -5.18    0.64
197308   -3.84   -2.05    1.18    0.70
197309    4.75    2.92    2.11    0.68
197310   -0.86   -0.17    1.74    0.65
197311  -12.74   -7.71    4.00    0.56
197312    0.58   -5.33    4.25    0.64
197401   -0.17    9.87    5.86    0.63
197402   -0.48    0.01    2.55    0.58
197403   -2.81    2.49   -0.09    0.56
197404   -5.29   -0.72    1.01    0.75
197405   -4.67   -3.04   -2.07    0.75
197406   -2.83   -0.16    0.79    0.60
197407   -8.05    0.88    5.21    0.70
197408   -9.35   -0.70    2.57    0.60
197409  -11.77    0.26    5.52    0.81
197410   16.10   -3.50   -9.72    0.51
197411   -4.51   -1.19   -0.08    0.54
197412   -3.44   -4.84    0.06    0.70
197501   13.66   11.02    8.21    0.58
197502    5.56    0.17   -4.53    0.43
197503    2.66    3.78    2.42    0.41
197504    4.23   -0.50   -1.16    0.44
197505    5.19    3.83   -4.07    0.44
197506    4.82    0.77    1.29    0.41
197507   -6.59    2.71    1.65    0.48
197508   -2.85   -3.20   -0.90    0.48
197509   -4.26   -0.11    0.33    0.53
197510    5.31   -3.99    0.29    0.56
197511    2.65   -1.20    1.99    0.41
197512   -1.60   -0.77    1.78    0.48
197601   12.16    4.79    8.60    0.47
197602    0.32    7.01    5.85    0.34
197603    2.33   -1.16   -0.02    0.40
197604   -1.49   -0.07   -0.02    0.42
197605   -1.35   -1.25   -1.31    0.37
197606    4.05   -1.38    0.73    0.43
197607   -1.07    0.30    1.73    0.47
197608   -0.56   -2.00    0.77    0.42
197609    2.06    0.00   -0.28    0.44
197610   -2.42    0.25   -0.13    0.41
197611    0.36    2.35    1.52    0.40
197612    5.65    3.00    2.23    0.40
197701   -4.05    4.78    4.26    0.36
197702   -1.95    1.10    0.48    0.35
197703   -1.37    1.00    1.04    0.38
197704    0.15   -0.11    3.45    0.38
197705   -1.46    1.20    0.83    0.37
197706    4.71    2.13   -0.64    0.40
197707   -1.69    2.13   -0.61    0.42
197708   -1.75    1.51   -2.79    0.44
197709   -0.27    1.44   -0.51    0.43
197710   -4.38    1.26    1.71    0.49
197711    4.00    3.69    0.35    0.50
197712    0.27    1.34   -0.34    0.49
197801   -6.01    2.22    3.29    0.49
197802   -1.38    3.57    0.80    0.46
197803    2.85    3.44    1.25    0.53
197804    7.88    0.39   -3.47    0.54
197805    1.76    4.59   -0.60    0.51
197806   -1.69    1.69    0.58    0.54
197807    5.11    0.27   -1.11    0.56
197808    3.75    5.09   -0.48    0.56
197809   -1.43   -0.41    1.88    0.62
197810  -11.91   -9.90    1.36    0.68
197811    2.71    3.02   -2.21    0.70
197812    0.88    1.24   -2.19    0.78
197901    4.23    3.69    2.25    0.77
197902   -3.56    0.46    1.18    0.73
197903    5.68    3.19   -0.65    0.81
197904   -0.06    2.16    1.07    0.80
197905   -2.21    0.49    1.83    0.82
197906    3.85    1.16    1.44    0.81
197907    0.82    1.26    1.72    0.77
197908    5.53    2.08   -1.52    0.77
197909   -0.82   -0.26   -0.92    0.83
197910   -8.10   -3.33   -1.86    0.87
197911    5.21    2.74   -3.28    0.99
197912    1.79    4.17   -2.01    0.95
198001    5.51    1.65    1.82    0.80
198002   -1.22   -1.81    0.61    0.89
198003  -12.90   -6.64   -1.06    1.21
198004    3.97    0.97    1.06    1.26
198005    5.26    2.16    0.40    0.81
198006    3.06    1.67   -0.90    0.61
198007    6.49    4.24   -6.35    0.53
198008    1.80    3.90   -2.65    0.64
198009    2.19    0.86   -4.74    0.75
198010    1.06    2.49   -2.77    0.95
198011    9.59   -3.48   -8.45    0.96
198012   -4.52   -0.28    2.69    1.31
198101   -5.04    3.00    6.82    1.04
198102    0.56   -0.30    1.02    1.07
198103    3.56    3.58    0.70    1.21
198104   -2.10    4.43    2.29    1.08
198105    0.11    2.01   -0.41    1.15
198106   -2.36   -0.84    5.09    1.35
198107   -1.54   -2.17   -0.60    1.24
198108   -7.03   -1.95    4.83    1.28
198109   -7.17   -2.66    5.17    1.24
198110    4.92    2.16   -4.19    1.21
198111    3.36   -0.96    1.90    1.07
198112   -3.65    1.19    0.75    0.87
198201   -3.24   -1.28    3.12    0.80
198202   -5.86    0.45    6.04    0.92
198203   -1.87   -0.18    3.82    0.98
198204    3.27    1.51   -2.80    1.13
198205   -3.99    0.46    1.83    1.06
198206   -3.09   -0.39    1.54    0.96
198207   -3.19    0.86    0.20    1.05
198208   11.14   -4.11    1.16    0.76
198209    1.29    2.89    0.34    0.51
198210   11.30    2.36   -3.69    0.59
198211    4.67    4.79   -1.92    0.63
198212    0.55   -0.18    0.02    0.67
198301    3.60    2.70   -0.86    0.69
198302    2.59    3.24    0.68    0.62
198303    2.82    1.77    2.07    0.63
198304    6.67    0.52    0.58    0.71
198305    0.52    6.15   -1.40    0.69
198306    3.07    0.91   -3.89    0.67
198307   -4.07    1.48    5.58    0.74
198308   -0.50   -4.29    5.54    0.76
198309    0.92    0.56    1.06    0.76
198310   -3.44   -3.60    5.00    0.76
198311    2.16    2.05   -0.65    0.70
198312   -1.78   -0.28    1.68    0.73
198401   -1.92   -0.42    7.60    0.76
198402   -4.82   -1.68    3.31    0.71
198403    0.63    0.08    0.49    0.73
198404   -0.52   -1.19    1.24    0.81
198405   -5.97    0.04    0.23    0.78
198406    1.82   -0.28   -2.63    0.75
198407   -2.74   -2.22    0.39    0.82
198408   10.28   -0.22   -1.83    0.83
198409   -0.80    0.21    5.31    0.86
198410   -0.84   -1.20    0.48    1.00
198411   -1.76   -0.62    4.04    0.73
198412    1.84   -0.58   -0.14    0.64
198501    7.99    3.26   -5.39    0.65
198502    1.22    0.78   -0.17    0.58
198503   -0.84   -1.11    4.03    0.62
198504   -0.96    0.17    3.71    0.72
198505    5.09   -2.27   -0.88    0.66
198506    1.27    0.48    0.43    0.55
198507   -0.74    2.85   -1.67    0.62
198508   -1.02   -0.32    2.29    0.55
198509   -4.54   -1.59    1.29    0.60
198510    4.02   -1.56    0.77    0.65
198511    6.48    0.21   -2.93    0.61
198512    3.88   -0.49   -1.56    0.65
198601    0.65    1.20    0.53    0.56
198602    7.13   -0.64   -0.88    0.53
198603    4.88   -0.51   -0.51    0.60
198604   -1.31    2.83   -2.90    0.52
198605    4.62   -1.31   -0.12    0.49
198606    1.03   -0.93    1.39    0.52
198607   -6.45   -3.37    4.76    0.52
198608    6.07   -4.17    3.52    0.46
198609   -8.60    2.28    3.20    0.45
198610    4.66   -2.56   -1.44    0.46
198611    1.17   -1.98   -0.09    0.39
198612   -3.27    0.08    0.31    0.49
198701   12.47   -1.79   -3.21    0.42
198702    4.39    3.46   -5.96    0.43
198703    1.64    0.40    1.59    0.47
198704   -2.11   -1.70   -0.32    0.44
198705    0.11   -0.55    0.16    0.38
198706    3.94   -2.17    1.06    0.48
198707    3.85   -0.63    0.71    0.46
198708    3.52   -0.75   -0.91    0.47
198709   -2.59    0.54    0.28    0.45
198710  -23.24   -8.40    4.20    0.60
198711   -7.77    2.64    3.23    0.35
198712    6.81    0.15   -4.43    0.39
198801    4.21   -0.69    5.16    0.29
198802    4.75    3.35   -1.64    0.46
198803   -2.27    6.15    0.74    0.44
198804    0.56    0.96    1.70    0.46
198805   -0.29   -2.65    2.28    0.51
198806    4.79    2.10   -1.12    0.49
198807   -1.25   -0.19    2.26    0.51
198808   -3.31    0.09    2.08    0.59
198809    3.30   -1.27   -0.67    0.62
198810    1.15   -2.90    1.67    0.61
198811   -2.29   -1.72    1.27    0.57
198812    1.49    1.94   -1.54    0.63
198901    6.10   -2.13    0.53    0.55
198902   -2.25    2.77    0.86    0.61
198903    1.57    0.73    0.48    0.67
198904    4.33   -0.60   -1.45    0.67
198905    3.35   -0.04   -0.84    0.79
198906   -1.35   -1.01    2.17    0.71
198907    7.20   -4.02   -2.81    0.70
198908    1.44    0.53    0.65    0.74
198909   -0.76    0.30   -1.34    0.65
198910   -3.67   -3.26   -1.09    0.68
198911    1.03   -1.22   -1.08    0.69
198912    1.16   -2.38    0.24    0.61
199001   -7.85   -1.30    0.89    0.57
199002    1.11    1.05    0.63    0.57
199003    1.83    1.48   -2.86    0.64
199004   -3.36   -0.50   -2.58    0.69
199005    8.42   -2.56   -3.74    0.68
199006   -1.09    1.45   -2.01    0.63
199007   -1.90   -3.20   -0.01    0.68
199008  -10.14   -3.59    1.60    0.66
199009   -6.12   -3.67    0.74    0.60
199010   -1.92   -5.54    0.25    0.68
199011    6.35    0.33   -3.07    0.57
199012    2.46    0.82   -1.55    0.60
199101    4.69    3.80   -1.84    0.52
199102    7.19    3.91   -0.60    0.48
199103    2.65    3.90   -1.20    0.44
199104   -0.28    0.51    1.40    0.53
199105    3.64   -0.34   -0.55    0.47
199106   -4.94    0.06    1.19    0.42
199107    4.24   -0.94   -1.29    0.49
199108    2.32    1.60   -0.80    0.46
199109   -1.59    1.63   -1.00    0.46
199110    1.28    0.89   -0.48    0.42
199111   -4.19   -0.48   -1.92    0.39
199112   10.83   -2.25   -4.04    0.38
199201   -0.59    8.46    4.53    0.34
199202    1.09    0.88    6.38    0.28
199203   -2.65   -1.02    3.67    0.34
199204    1.08   -6.10    4.32    0.32
199205    0.30    0.39    1.25    0.28
199206   -2.34   -3.10    3.39    0.32
199207    3.77   -0.43   -0.53    0.31
199208   -2.38   -0.11   -1.05    0.26
199209    1.19    0.55   -0.24    0.26
199210    1.02    2.05   -2.09    0.23
199211    4.13    3.70   -1.47    0.23
199212    1.53    1.65    2.52    0.28
199301    0.93    2.05    5.89    0.23
199302    0.13   -3.42    6.46    0.22
199303    2.30    0.25    1.26    0.25
199304   -3.05   -0.68    2.63    0.24
199305    2.88    1.96   -3.42    0.22
199306    0.31   -0.30    2.62    0.25
199307   -0.34    0.95    3.26    0.24
199308    3.72    0.31   -0.45    0.25
199309   -0.12    3.11   -0.49    0.26
199310    1.41    1.44   -1.56    0.22
199311   -1.89   -1.43   -0.26    0.25
199312    1.65    1.22    0.57    0.23
199401    2.87    0.14    2.10    0.25
199402   -2.56    2.72   -1.41    0.21
199403   -4.78   -0.96    1.34    0.27
199404    0.68   -0.91    1.69    0.27
199405    0.58   -2.01    0.18    0.31
199406   -3.03   -0.48    1.68    0.31
199407    2.82   -1.78    0.98    0.28
199408    4.01    1.45   -3.47    0.37
199409   -2.31    2.68   -1.81    0.37
199410    1.34   -2.20   -2.36    0.38
199411   -4.04   -0.17   -0.05    0.37
199412    0.86    0.05    0.26    0.44
199501    1.80   -2.96    1.64    0.42
199502    3.63   -0.33    0.38    0.40
199503    2.18   -0.37   -2.06    0.46
199504    2.11   -0.41    1.70    0.44
199505    2.90   -2.23    1.91    0.54
199506    2.72    3.06   -2.98    0.47
199507    3.72    2.21   -2.21    0.45
199508    0.55    1.84    1.92    0.47
199509    3.35   -2.07   -0.94    0.43
199510   -1.52   -3.94   -0.11    0.47
199511    3.95   -0.82    0.33    0.42
199512    1.03    0.37    1.41    0.49
199601    2.26   -2.48    0.40    0.43
199602    1.33    2.05   -2.33    0.39
199603    0.73    1.30    1.28    0.39
199604    2.06    4.89   -4.05    0.46
199605    2.36    3.16   -1.40    0.42
199606   -1.14   -3.64    1.92    0.40
199607   -5.97   -3.59    4.38    0.45
199608    2.76    2.30   -0.57    0.41
199609    5.01   -0.82   -3.76    0.44
199610    0.86   -4.11    4.82    0.42
199611    6.25   -3.60    0.16    0.41
199612   -1.70    3.08    0.99    0.46
199701    4.99   -1.52   -2.33    0.45
199702   -0.49   -2.61    4.69    0.39
199703   -5.03   -0.32    3.86    0.43
199704    4.04   -5.19   -1.02    0.43
199705    6.74    4.83   -4.38    0.49
199706    4.10    1.50    0.72    0.37
199707    7.33   -2.52   -0.13    0.43
199708   -4.15    7.34    1.37    0.41
199709    5.35    2.68   -0.25    0.44
199710   -3.80   -0.79    2.21    0.42
199711    2.98   -5.07    1.01    0.39
199712    1.32   -2.40    3.84    0.48
199801    0.15   -0.94   -2.07    0.43
199802    7.03    0.32   -0.86    0.39
199803    4.76   -0.99    1.23    0.39
199804    0.73    0.48    0.27    0.43
199805   -3.07   -3.54    4.12    0.40
199806    3.18   -3.15   -2.22    0.41
199807   -2.46   -4.92   -1.15    0.40
199808  -16.08   -5.75    5.24    0.43
199809    6.15   -0.15   -3.88    0.46
199810    7.13   -3.20   -2.77    0.32
199811    6.10    1.14   -3.43    0.31
199812    6.16   -0.30   -4.70    0.38
199901    3.50    0.86   -5.56    0.35
199902   -4.08   -5.55    1.56    0.35
199903    3.45   -3.84   -2.93    0.43
199904    4.33    3.18    2.45    0.37
199905   -2.46    3.64    2.69    0.34
199906    4.77    3.45   -4.19    0.40
199907   -3.47    2.25    0.51    0.38
199908   -1.38   -1.32   -0.95    0.39
199909   -2.81    3.16   -2.98    0.39
199910    6.13   -6.78   -3.24    0.39
199911    3.37    7.78   -8.02    0.36
199912    7.72    7.01   -9.20    0.44
200001   -4.74    4.37    0.24    0.41
200002    2.45   22.02  -12.68    0.43
200003    5.21  -16.39    7.67    0.47
200004   -6.40   -7.73    9.13    0.46
200005   -4.43   -4.85    3.72    0.50
200006    4.64   13.70  -10.05    0.40
200007   -2.45   -2.81    8.51    0.48
200008    7.13   -0.89   -1.28    0.50
200009   -5.44   -1.87    6.85    0.51
200010   -2.77   -3.66    4.79    0.56
200011  -10.73   -3.10   12.42    0.51
200012    1.19    1.55    6.13    0.50
200101    3.12    7.03   -5.70    0.54
200102  -10.07   -1.15   13.87    0.38
200103   -7.25    0.55    6.36    0.42
200104    7.95    0.27   -4.36    0.39
200105    0.73    2.99    2.77    0.32
200106   -1.93    6.38   -2.14    0.28
200107   -2.13   -4.22    5.62    0.30
200108   -6.46    2.13    3.37    0.31
200109   -9.25   -6.61    1.80    0.28
200110    2.46    6.88   -7.03    0.22
200111    7.54    0.38    0.69    0.17
200112    1.61    5.14    0.43    0.15
200201   -1.44    1.12    3.45    0.14
200202   -2.29   -1.61    3.91    0.13
200203    4.24    4.30    1.17    0.13
200204   -5.21    5.86    4.21    0.15
200205   -1.38   -3.72    2.54    0.14
200206   -7.21    3.49    1.56    0.13
200207   -8.18   -5.14   -3.63    0.15
200208    0.50   -2.26    2.24    0.14
200209  -10.35    2.70    1.23    0.14
200210    7.84   -2.98   -6.49    0.14
200211    5.96    3.17   -1.57    0.12
200212   -5.76   -0.45    3.90    0.11
200301   -2.57    1.40   -0.88    0.10
200302   -1.88   -0.26   -1.46    0.09
200303    1.09    0.77   -1.67    0.10
200304    8.22    1.15   -0.06    0.10
200305    6.05    4.78    0.15    0.09
200306    1.42    1.51    0.68    0.10
200307    2.34    5.57   -2.11    0.07
200308    2.34    2.67    1.71    0.07
200309   -1.24    0.55    1.00    0.08
200310    6.08    2.89    1.80    0.07
200311    1.35    2.21    1.46    0.07
200312    4.29   -2.78    2.68    0.08
200401    2.15    2.63    1.64    0.07
200402    1.40   -1.15    0.42    0.06
200403   -1.32    1.85    0.04    0.09
200404   -1.83   -2.54   -1.69    0.08
200405    1.18   -0.16   -0.29    0.06
200406    1.86    2.32    1.66    0.08
200407   -4.07   -3.82    4.48    0.10
200408    0.08   -1.59    1.13    0.11
200409    1.60    2.89    0.36    0.11
200410    1.43    0.43   -0.84    0.11
200411    4.54    4.17    1.93    0.15
200412    3.43    0.19   -0.35    0.16
200501   -2.76   -1.65    2.66    0.16
200502    1.88   -0.72    2.83    0.16
200503   -1.96   -1.38    1.75    0.21
200504   -2.61   -4.00   -0.46    0.21
200505    3.65    2.99   -1.23    0.24
200506    0.57    2.56    2.78    0.23
200507    3.92    2.77   -0.45    0.24
200508   -1.22   -0.88    1.41    0.30
200509    0.49   -0.68    1.16    0.29
200510   -2.02   -1.03   -0.70    0.27
200511    3.61    1.00   -1.85    0.31
200512   -0.25   -0.51    0.48    0.32
200601    3.04    5.33    1.17    0.35
200602   -0.30   -0.31   -0.85    0.34
200603    1.46    3.56   -0.11    0.37
200604    0.73   -1.24    3.08    0.36
200605   -3.57   -3.04    2.77    0.43
200606   -0.35   -0.54    1.51    0.40
200607   -0.78   -3.99    3.27    0.40
200608    2.03    0.83   -1.76    0.42
200609    1.84   -1.23   -0.43    0.41
200610    3.23    1.64    0.48    0.41
200611    1.71    0.77    0.48    0.42
200612    0.86   -0.89    2.52    0.40
200701    1.40    0.09   -0.02    0.44
200702   -1.96    1.37    0.24    0.38
200703    0.68   -0.26    0.39    0.43
200704    3.49   -2.09   -0.97    0.44
200705    3.24   -0.03   -0.15    0.41
200706   -1.96    0.76   -1.07    0.40
200707   -3.73   -2.67   -2.99    0.40
200708    0.92   -0.14   -2.36    0.42
200709    3.22   -2.46   -2.13    0.32
200710    1.80    0.21   -1.97    0.32
200711   -4.83   -2.77   -1.09    0.34
200712   -0.87    0.05   -0.03    0.27
200801   -6.35   -0.78    3.05    0.21
200802   -3.09   -0.54   -0.03    0.13
200803   -0.94    0.83    0.28    0.17
200804    4.60   -1.49   -0.03    0.18
200805    1.86    2.98   -0.34    0.18
200806   -8.44    1.07   -1.02    0.17
200807   -0.77    3.58    3.69    0.15
200808    1.53    3.75    1.48    0.13
200809   -9.24   -0.34    4.40    0.15
200810  -17.23   -2.28   -2.99    0.08
200811   -7.86   -3.63   -4.94    0.03
200812    1.75    3.97   -1.20    0.00
200901   -8.12   -0.98   -9.86    0.00
200902  -10.10   -0.35   -6.90    0.01
200903    8.95    0.73    2.60    0.02
200904   10.19    5.40    5.42    0.01
200905    5.21   -2.66    0.56    0.00
200906    0.43    2.67   -2.44    0.01
200907    7.72    2.50    4.73    0.01
200908    3.32   -0.51    7.59    0.01
200909    4.08    2.47    1.40    0.01
200910   -2.59   -4.22   -4.37    0.00
200911    5.56   -2.65    0.17    0.00
200912    2.75    5.79    0.73    0.01
201001   -3.36    0.19    0.61    0.00
201002    3.40    1.44    2.73    0.00
201003    6.32    1.58    2.03    0.01
201004    2.00    4.94    3.15    0.01
201005   -7.89   -0.08   -2.33    0.01
201006   -5.56   -2.13   -4.26    0.01
201007    6.92    0.17    0.22    0.01
201008   -4.77   -2.94   -1.64    0.01
201009    9.54    3.84   -3.02    0.01
201010    3.88    1.04   -2.30    0.01
201011    0.60    3.66   -0.54    0.01
201012    6.82    0.78    3.58    0.01
201101    2.01   -2.46    0.86    0.01
201102    3.49    1.63    1.67    0.01
201103    0.47    2.62   -1.22    0.01
201104    2.90   -0.32   -2.25    0.00
201105   -1.27   -0.65   -2.21    0.00
201106   -1.75   -0.08   -0.42    0.00
201107   -2.34   -1.40   -1.20    0.00
201108   -6.00   -3.30   -1.56    0.01
201109   -7.60   -3.68   -1.06    0.00
201110   11.34    3.58   -0.90    0.00
201111   -0.26   -0.26   -0.17    0.00
201112    0.74   -0.57    1.53    0.00
201201    5.06    2.52   -2.13    0.00
201202    4.43   -1.65    0.04    0.00
201203    3.11   -0.23   -0.07    0.00
201204   -0.84   -0.61   -0.20    0.00
201205   -6.20   -0.10    0.10    0.01
201206    3.88    0.82    0.46    0.00
201207    0.79   -2.59    0.02    0.00
201208    2.56    0.72    0.59    0.01
201209    2.74    0.49    1.57    0.01
201210   -1.75   -1.07    4.17    0.01
201211    0.77    0.67   -1.10    0.01
201212    1.18    1.66    3.28    0.01
201301    5.58    0.49    1.35    0.00
201302    1.28   -0.38    0.31    0.00
201303    4.03    0.84   -0.06    0.00
201304    1.56   -2.43    0.36    0.00
201305    2.81    1.93    1.31    0.00
201306   -1.21    1.23   -0.45    0.00
201307    5.66    1.85    0.79    0.00
201308   -2.69    0.28   -2.46    0.00
201309    3.76    2.85   -1.52    0.00
201310    4.17   -1.53    1.39    0.00
201311    3.12    1.31   -0.38    0.00
201312    2.81   -0.44   -0.17    0.00
201401   -3.28    0.84   -1.84    0.00
201402    4.65    0.27   -0.48    0.00
