192607   1.58   0.72  -0.03   5.79   1.91   2.06
192608  -0.59   2.69   5.44   2.75   2.68   5.72
192609  -2.28   0.15  -0.90   1.41   0.11  -0.57
192610  -3.58  -4.92  -1.76  -3.66  -2.31  -3.89
192611   2.84   3.54   2.14   3.22   2.88   3.15
192612   2.40   2.16   2.74   2.93   2.66   2.37
192701  -0.86  -0.41   4.53  -0.29   0.03   4.03
192702   3.05   7.33   7.05   5.14   3.51   7.66
192703  -1.78  -1.24  -2.76   1.68  -0.03  -2.57
192704  -1.08   0.12   3.76   3.16  -0.75  -0.36
192705   5.26   3.55  12.75   5.21   5.30   7.02
192706   0.12   0.09  -2.94  -0.74  -3.11  -2.06
192707   4.30   5.14   3.93   8.84   6.72   7.27
192708   2.29  -2.04   0.96   3.89   1.23  -1.96
192709   2.39   2.43   0.20   5.41   4.40   5.96
192710  -0.28  -2.17  -5.72  -4.02  -4.34  -6.62
192711  10.70   7.72   9.89   7.69   6.70   6.63
192712   5.21   2.85   2.24   3.42   1.83   3.48
192801   3.29   3.02   3.43  -0.69  -0.39  -2.31
192802  -4.97  -1.89  -4.11  -0.53  -1.18  -2.73
192803   7.26   8.91   9.40  11.99   6.12   7.83
192804   4.21  10.72  10.08   2.87   5.93   4.50
192805   7.23   2.44   1.98   3.00  -0.16   0.64
192806  -8.35  -8.37  -7.03  -3.81  -4.10  -5.42
192807  -0.87  -0.84  -0.27   1.22   0.14   0.73
192808   4.91   6.83   3.77   8.51   5.47   5.56
192809   4.20   3.86   6.19   3.33   2.04   4.18
192810   6.59   2.98   1.29   1.34   1.60   0.44
192811   6.62  10.56  12.30  11.45  13.45  11.89
192812   0.16  -1.33  -0.24   0.77   0.05   0.75
192901   1.48   2.14   1.44   6.05   5.13   1.65
192902  -0.32   1.45   1.50  -0.71   0.97   0.35
192903  -5.99  -3.24  -4.47  -1.51   2.26  -1.11
192904  -0.64   3.21   0.84   1.99   1.26   2.22
192905  -9.65  -9.22 -12.65  -6.63  -4.70  -0.92
192906   6.82   9.97   6.59  12.34   9.52   6.36
192907   0.26  -0.79   2.60   3.73   6.06   5.32
192908   0.03   0.06   0.15   6.99  12.54   5.49
192909  -3.54  -4.59  -3.66  -4.59  -5.01  -6.22
192910 -20.69 -18.95 -18.77 -24.25 -13.89 -10.26
192911 -16.14  -9.09 -12.63 -14.13 -10.92  -6.98
192912  -4.42  -2.38  -1.14   3.45   0.63   1.19
193001   7.80   8.72   8.15   7.10   3.21   2.81
193002   2.69   0.85   4.12   3.48   1.69   1.64
193003   8.54  11.51  10.40   7.18   8.23   5.19
193004  -6.67  -1.44  -5.32  -2.57  -2.00  -6.56
193005  -3.73  -1.99  -3.23   0.69  -2.12  -1.74
193006 -16.92 -15.74 -18.68 -17.91 -12.95 -12.29
193007   8.05   3.97   2.18   4.30   3.44   5.59
193008  -3.57  -1.86  -2.41   1.01  -0.57  -1.92
193009 -14.55 -14.69 -18.54 -12.58 -10.86 -17.53
193010 -10.52  -8.26 -10.59  -9.44  -7.29 -11.70
193011  -0.41  -2.77  -1.94  -1.84  -3.37  -6.63
193012 -10.71 -11.24 -17.89  -6.13  -8.93 -10.19
193101  10.34  10.99  16.00   4.72   7.71  13.96
193102  13.03  11.65  16.08  12.41   6.89  12.42
193103  -3.96  -2.79  -6.82  -4.86  -9.88  -8.85
193104 -13.04 -13.98 -17.51  -9.17 -11.16 -11.63
193105  -9.71  -8.53 -13.45 -11.32 -16.61 -20.25
193106  10.65   7.75  19.89  13.33  16.37  24.75
193107  -7.97  -9.31  -6.30  -5.13  -9.98 -12.45
193108  -2.01  -0.92  -3.63   0.92  -1.65  -0.15
193109 -27.36 -30.70 -33.70 -28.36 -27.66 -34.67
193110   4.65   8.82   5.37   9.38   3.29  10.61
193111  -6.39  -7.20  -9.58  -6.52 -16.25 -14.93
193112 -15.93 -16.40 -23.15 -11.46 -18.42 -21.06
193201   3.22   4.25  11.57  -3.49   2.07   7.62
193202   0.50   1.41   1.09   7.12   1.64   1.12
193203 -13.88  -9.96 -10.99 -10.02 -15.03 -15.13
193204 -20.77 -16.04 -15.82 -17.75 -20.44 -19.22
193205 -16.66 -23.47 -17.00 -19.37 -25.74 -27.26
193206  -0.28   4.99   1.45  -1.71  -0.17  10.65
193207  35.68  35.95  64.88  27.96  48.44  66.91
193208  54.39  53.50  80.81  30.66  50.68  62.70
193209  -3.44  -4.38 -12.85  -1.43  -6.13  -4.77
193210 -16.68 -19.61 -23.42 -10.65 -17.41 -23.35
193211  -1.89  -8.54 -13.31  -2.38  -8.94 -16.10
193212  -7.52  -4.40 -11.33   6.82   1.13  -4.38
193301   4.25   1.66   8.47   0.04   2.87   9.58
193302 -17.98 -18.53 -21.07 -14.81 -16.46 -17.32
193303   8.56   6.18  15.95   0.97   9.93   6.92
193304  43.31  55.47  56.06  32.70  51.70  57.40
193305  62.25  62.29  72.95  17.03  26.37  41.72
193306  32.34  21.81  18.89  11.37  15.45  21.91
193307 -12.04 -11.93  -7.42  -8.84 -12.97  -9.29
193308  14.09  10.14   7.99  10.52  15.97  18.45
193309  -7.43 -13.44 -21.24  -9.07 -11.99 -20.31
193310  -9.14 -12.48 -14.00  -6.16 -10.56 -17.94
193311   4.78   4.66   6.03   9.65  12.35  12.53
193312   5.27   2.71  -0.13   2.12   2.10   3.25
193401  20.07  29.53  38.52  10.01  16.39  25.26
193402  -2.15   0.74   5.83  -2.30  -3.25  -3.45
193403   4.71   1.84  -0.68  -0.08   0.08  -1.21
193404   3.03  -1.35  -2.58  -1.83  -2.19  -4.89
193405  -9.00  -9.85 -12.21  -6.28  -8.34 -14.31
193406   3.48  -0.25  -2.53   2.64   2.39   3.30
193407 -19.07 -20.49 -24.51  -8.40 -11.83 -23.19
193408  12.18   9.13  11.20   6.32   4.40   5.74
193409  -1.78   0.37  -3.42  -0.20  -0.22  -0.06
193410  -0.91  -1.32  -3.97  -0.56  -2.72  -7.53
193411  19.43  15.25  12.89  10.27   5.09  10.85
193412   3.80   1.85   1.94   0.78   0.49  -2.24
193501  -6.27  -3.28  -3.25  -2.94  -2.92  -9.17
193502  -5.28  -3.81  -6.07  -0.75  -1.73 -13.12
193503  -5.67  -7.59 -11.14  -2.93  -3.35  -7.93
193504   7.03   8.54  10.46   7.94   9.89  13.10
193505  -1.62   1.43   1.69   3.12   4.41   4.04
193506  -2.05   6.44   0.61   6.24   5.62   8.09
193507  10.02  13.15  13.20   6.99   6.31  17.17
193508   3.69   9.27  15.48   2.42   2.24   3.33
193509   5.50   5.33  -1.48   4.55   0.68   1.77
193510  11.05  10.98   8.08   6.52   8.05   5.61
193511   6.09  10.23  19.25   3.00   5.53  14.61
193512   6.57   9.86   2.41   3.15   5.82   8.71
193601  10.68   8.72  22.58   3.07   9.54  12.07
193602   2.93   6.14   5.46   1.92   2.82   7.54
193603   0.20   2.96   1.30   2.61   0.18  -1.50
193604 -14.22 -13.90 -15.64  -6.81  -8.35 -10.25
193605   5.10   5.04   8.94   5.03   5.16   6.50
193606  -2.41   0.85  -1.03   3.55   2.07   0.22
193607  10.53   7.79  10.36   5.92   6.23  12.10
193608   0.45   2.43   4.36   0.31   0.74   4.37
193609   3.10   4.52   4.30   0.93   1.10   0.43
193610   4.20   6.22   6.71   6.41   8.84   8.63
193611  11.50   8.83  12.16   3.39   3.15  -0.54
193612   1.79   3.61   5.87  -1.85   2.39   1.31
193701   7.41   7.10   9.63   3.60   1.38   6.42
193702   3.53   1.67   7.16  -0.23   0.82   6.85
193703  -3.65   0.31   0.99  -1.71  -0.20   6.32
193704  -9.21 -11.69 -13.46  -6.81  -6.11 -10.77
193705   0.16  -0.94  -4.76   0.20  -0.74  -2.92
193706  -7.17  -7.55 -10.47  -4.17  -2.75  -7.42
193707  11.21   9.53  10.31   8.91   8.09  11.00
193708  -4.56  -5.41  -5.45  -4.12  -4.63  -7.92
193709 -20.65 -20.91 -23.06 -12.33 -12.74 -18.38
193710 -11.17  -9.68  -9.82 -10.22  -7.59 -14.35
193711 -11.84 -12.11 -11.50  -8.67  -7.59  -8.58
193712 -13.86 -10.64 -12.42  -3.72  -3.07  -7.23
193801   5.11   6.63   3.45   1.11  -0.10  -0.64
193802   8.70   5.78   4.44   6.12   5.67   5.85
193803 -30.17 -28.63 -29.96 -23.36 -22.50 -30.30
193804  22.01  20.68  20.50  13.24  14.44  15.74
193805  -7.41  -7.84  -5.90  -3.58  -3.72  -5.37
193806  31.57  29.56  28.44  25.70  20.87  29.51
193807  13.57  14.54  14.48   6.82   7.46   8.55
193808  -5.09  -5.24  -9.28  -0.44  -6.13  -5.13
193809  -2.19  -2.29  -2.67   1.37   0.48  -0.48
193810  14.55  15.08  16.55   6.76   6.96  14.96
193811  -5.28  -2.14  -6.37  -1.08  -2.15  -3.23
193812   6.09   3.99   1.65   3.41   4.44   8.31
193901  -8.23  -9.15  -9.93  -5.24  -6.27  -9.79
193902   3.52   5.13   6.24   3.35   2.88   7.12
193903 -18.33 -18.86 -23.14  -9.78 -13.47 -20.58
193904  -0.47   0.19   2.35  -0.19  -0.12  -2.40
193905  11.68   9.23   9.54   6.87   5.47   8.96
193906  -7.07  -8.16 -11.36  -4.39  -6.42 -10.80
193907  15.74  16.21  14.01  11.10   8.58  13.84
193908 -12.47 -11.64 -12.96  -6.17  -5.99 -10.88
193909  36.89  38.85  54.66  13.63  16.78  40.99
193910   0.56  -0.64  -4.82   0.03  -0.81  -4.34
193911  -7.98  -9.01 -13.55  -2.52  -3.72  -9.70
193912   5.89   2.72   0.01   3.52   2.45   1.01
194001  -4.47  -2.24  -2.79  -2.11  -2.51  -5.22
194002   4.24   3.85   3.22   1.19   1.42   1.47
194003   4.65   3.03   2.15   2.31   1.53   2.30
194004   4.41   3.03   4.12  -0.02   0.02   0.27
194005 -26.93 -27.28 -32.51 -21.97 -20.88 -24.75
194006   3.60   5.17   7.94   4.93   8.28  10.57
194007   5.28   4.84   3.34   3.36   3.11   3.20
194008   2.94   3.15   2.06   2.18   1.73   3.54
194009   6.08   4.72   4.94   3.18   1.20   1.04
194010   3.62   6.14   5.15   0.91   6.17   8.44
194011   0.19   0.67   0.26  -1.95  -1.30  -0.55
194012  -0.44  -1.13  -2.75   0.61   0.97   0.41
194101  -4.49  -2.85  -0.01  -4.99  -3.80  -1.62
194102  -3.68  -1.75  -2.58  -1.61  -1.49  -0.44
194103   0.28   1.34   3.89   0.49   1.27   3.25
194104  -7.78  -5.58  -5.21  -6.46  -4.57  -1.98
194105   1.57   1.08   1.06   0.99   2.65   2.21
194106   4.69   6.33   8.53   6.21   5.55   3.10
194107  10.54  10.83  18.82   3.47   8.15  10.70
194108  -1.25  -1.98  -0.76   0.69  -0.96  -1.97
194109  -3.18  -1.71  -1.93   0.04  -2.33  -1.26
194110  -5.91  -6.21  -6.27  -5.83  -3.41  -2.32
194111  -1.22  -3.65  -3.14  -2.19  -0.77  -1.03
194112  -5.69  -8.87 -12.47  -4.67  -3.68  -9.42
194201   7.03  10.40  14.95  -1.68   0.60  10.54
194202   0.62  -0.95  -1.87  -2.27  -2.89  -2.05
194203  -5.00  -3.33  -6.04  -5.98  -7.58  -5.75
194204  -6.37  -3.77  -3.85  -4.52  -4.34  -3.14
194205   0.32   2.71   1.19   7.34   5.02   0.54
194206   1.07   1.52   2.46   2.87   2.76   2.41
194207   5.08   3.66   5.04   2.67   4.32   7.62
194208   1.96   2.51   2.46   1.70   1.77   4.16
194209   1.95   2.86   5.87   2.63   2.88   3.62
194210   8.38   7.92  14.38   5.26   7.90  12.13
194211  -1.06  -2.17  -4.07   1.07   0.33  -4.43
194212   2.76   3.76   3.12   4.85   5.94   5.91
194301  12.23  13.72  23.03   5.35   7.99   9.69
194302  10.94   9.28  17.05   4.81   7.02  11.20
194303  11.29  11.55  15.00   4.22   7.17  10.99
194304  -1.00   2.74   7.87  -0.17   1.31   2.50
194305   9.04   9.08  13.27   5.06   5.63   7.15
194306  -0.35   0.92   0.45   2.08   2.13  -0.06
194307  -5.35  -6.70  -9.03  -4.74  -3.63  -5.49
194308   0.56   0.10   0.66   1.45   1.26   0.27
194309   3.04   2.96   5.40   2.19   2.73   2.64
194310  -0.70  -0.45   0.79  -1.42  -0.99   0.40
194311  -7.16  -7.87 -10.56  -4.68  -6.66  -9.31
194312   7.40  10.57  12.00   5.71   6.88   7.47
194401   4.95   4.75   5.25   0.83   1.60   4.76
194402   1.38   0.92   0.66   0.05   0.81   2.36
194403   2.16   3.60   7.61   2.19   2.57   3.40
194404  -1.95  -2.74  -4.08  -1.40  -1.86  -1.58
194405   5.69   7.33   6.93   4.59   4.98   5.58
194406   9.25   9.79  10.47   4.90   5.20   7.35
194407   0.21  -1.13  -1.25  -1.68  -1.43  -0.83
194408   5.00   3.97   2.01   1.36   1.25   1.13
194409   1.59  -0.11  -0.13   0.33  -0.26  -0.25
194410   0.19   0.73  -0.63  -0.07   0.84  -0.10
194411   1.03   3.04   3.40   1.16   2.24   3.17
194412   5.96   6.89  10.67   2.47   4.56   9.71
194501   5.39   4.67   4.60   0.76   2.98   3.42
194502   6.50   8.89  10.47   5.14   6.16   9.98
194503  -4.28  -6.37  -6.41  -3.20  -4.36  -4.72
194504   7.65   8.95  10.07   6.76   8.01  10.84
194505   2.81   2.06   4.30   2.02   1.06   1.40
194506   2.89   2.31   6.92  -1.20   0.76   3.50
194507  -3.24  -3.51  -5.60  -1.35  -1.87  -4.45
194508   7.99   7.67   4.76   8.33   4.64   2.72
194509   7.22   6.45   6.26   4.62   4.29   5.73
194510   5.75   6.71   7.46   2.52   4.86   5.41
194511   9.60   9.67  11.73   2.94   5.67   9.38
194512   3.86   3.52   1.57   1.69   1.20  -0.52
194601   9.70   8.35  12.89   6.26   4.88   7.69
194602  -6.07  -6.78  -7.67  -5.91  -4.92  -7.29
194603   6.72   6.03   5.90   5.14   6.92   5.18
194604   4.74   7.78   6.18   3.71   5.27   2.64
194605   6.96   5.12   5.92   3.16   3.52   6.35
194606  -4.76  -5.20  -5.96  -4.36  -2.69  -4.11
194607  -4.74  -3.99  -4.75  -2.81  -2.31  -2.38
194608  -8.41  -8.03  -7.50  -6.28  -6.25  -6.21
194609 -13.87 -13.59 -15.81  -9.75  -8.47 -11.81
194610  -3.07  -0.96   0.53  -2.54  -1.64   0.44
194611  -1.24  -0.77   1.13  -0.17   0.75  -0.25
194612   5.64   4.54   4.27   5.24   5.25   3.94
194701   4.05   2.53   2.98   2.16  -0.47   2.02
194702  -1.13  -0.72   1.05   0.11  -1.37  -1.78
194703  -3.17  -3.51  -2.41  -1.73  -1.05  -1.50
194704  -9.02  -7.92  -8.11  -5.15  -3.67  -4.61
194705  -5.02  -4.14  -3.78  -1.09   0.15  -2.00
194706   4.15   5.32   4.99   6.38   4.56   4.52
194707   5.18   6.30   7.11   3.52   3.51   7.26
194708  -1.88  -1.47  -1.31  -1.86  -1.43  -2.23
194709   0.23   0.32   2.68  -0.68  -0.66  -0.18
194710   3.69   3.28   2.95   2.22   2.98   3.04
194711  -4.45  -3.46  -2.57  -2.07  -1.53  -1.77
194712   0.04   1.39   3.10   2.01   3.46   6.59
194801  -1.72  -2.41  -0.36  -4.53  -4.01  -3.37
194802  -6.00  -6.21  -5.90  -4.65  -3.69  -4.71
194803   6.53   8.07  12.41   7.81   7.69  11.05
194804   1.23   2.92   4.58   2.27   4.40   7.09
194805   9.15   8.87   7.46   8.50   6.47   7.82
194806  -2.71  -1.72   0.34  -0.62   0.34   1.71
194807  -4.98  -5.28  -5.46  -5.01  -5.30  -4.35
194808  -1.14  -0.54  -0.37   0.87  -0.21   0.59
194809  -2.95  -4.21  -5.51  -2.72  -2.44  -3.73
194810   3.94   4.75   5.30   6.43   5.83   6.27
194811  -9.30  -9.76 -12.95  -8.34  -8.73 -13.39
194812   1.26   0.08   0.16   4.92   2.76   2.30
194901   1.03   1.77   2.97   0.57  -1.06   1.33
194902  -5.38  -3.85  -5.61  -2.48  -2.73  -4.04
194903   5.98   5.46   8.21   4.25   3.41   5.04
194904  -1.79  -3.11  -3.34  -2.06  -0.66  -2.62
194905  -3.73  -3.69  -5.13  -1.87  -3.08  -5.31
194906  -1.33  -1.17  -1.13   1.10   0.24  -2.45
194907   6.53   7.27   5.75   5.24   5.76   6.81
194908   3.25   3.59   2.11   2.71   2.72   2.98
194909   5.41   4.15   4.04   2.65   3.64   4.35
194910   5.09   3.50   4.10   3.26   3.03   3.33
194911   0.52   1.03   0.20   2.93   0.16   1.52
194912   6.96   6.51   8.78   5.32   3.88   6.80
195001   7.25   4.65   4.68   0.87   1.95   3.75
195002   1.67   1.88   0.70   1.58   1.50   0.98
195003   2.44  -1.03  -2.01   1.92   0.94   0.76
195004   5.79   5.37   7.31   4.35   2.98   5.50
195005   1.61   2.82   3.01   4.64   5.06   4.02
195006  -7.02  -7.85  -9.01  -5.45  -6.33  -4.97
195007   1.01   3.37  11.48  -3.46   4.47  13.10
195008   4.50   5.58   5.05   6.10   4.13   2.58
195009   5.71   4.97   4.97   5.75   3.83   4.56
195010  -0.27  -0.39   0.42  -0.18  -0.50   1.99
195011   0.30   2.13   4.92   2.41   3.40   4.20
195012   5.20   7.49  12.38   3.33   6.65  10.58
195101   6.75   6.96  10.72   5.17   5.41   8.67
195102   1.82   1.27  -0.10   2.23   1.87  -1.61
195103  -1.51  -3.29  -5.59  -0.71  -2.69  -4.97
195104   2.22   3.81   6.34   4.42   5.67   6.78
195105  -1.75  -2.51  -3.33  -2.34  -1.81  -3.55
195106  -3.94  -4.71  -7.27  -2.19  -1.07  -6.79
195107   5.41   5.01   6.87   6.65   7.30   9.06
195108   5.52   5.56   5.07   4.16   4.37   5.10
195109   2.39   2.85   3.14   0.62   0.38   1.36
195110  -1.95  -1.68  -3.64  -3.78  -0.49  -1.84
195111  -0.16   0.80   0.60   0.84   0.53   0.83
195112   1.35   0.93   0.55   4.18   3.81   1.07
195201   1.39   1.83   1.56   0.50   2.44   4.06
195202  -2.34  -1.97  -1.89  -2.19  -2.91  -3.09
195203   1.24   2.20   3.41   4.32   4.97   6.59
195204  -5.11  -4.78  -3.87  -4.59  -5.11  -5.29
195205   2.13   2.18   2.65   3.74   2.84   3.58
195206   1.66   2.84   3.34   3.87   4.29   4.53
195207   1.06   1.47   0.02   1.24   0.65   1.59
195208   0.21   0.90   0.18  -0.75  -0.53  -0.93
195209   0.49  -0.93  -2.05  -1.79  -1.89  -2.51
195210  -1.03  -1.34  -2.03  -0.84   0.27  -0.50
195211   5.46   5.60   6.15   6.26   5.31   7.62
195212   2.06   1.80   1.82   3.18   2.91   3.81
195301   3.62   3.72   3.71  -0.87  -0.25   1.60
195302   1.41   2.17   1.87  -0.25  -0.08  -0.85
195303  -1.66  -1.59  -2.03  -1.02  -1.37  -2.74
195304  -2.94  -2.31  -1.07  -3.10  -2.27  -1.94
195305   0.71   0.93   0.63   0.94   0.18   1.33
195306  -2.94  -3.49  -3.78  -1.73  -1.25  -1.92
195307   0.92   1.65   1.36   2.96   2.14   1.81
195308  -3.20  -5.41  -6.20  -4.00  -3.80  -8.26
195309   0.23  -0.82  -2.35   0.81   0.35  -1.79
195310   2.78   3.81   3.26   5.05   4.36   4.65
195311   1.55   2.23   1.15   3.34   2.29   3.00
195312   0.24  -1.35  -2.64   0.54   0.40  -2.47
195401   4.90   6.52   8.25   4.50   5.74   8.07
195402   1.03   1.58   1.40   1.60   2.25   0.74
195403   2.78   3.20   2.05   4.21   3.51   1.84
195404  -0.28   2.33   0.14   5.25   3.55   3.78
195405   3.95   4.22   5.15   2.90   2.54   6.76
195406   0.50   1.88   1.32   1.81  -0.27   0.98
195407   5.41   6.93   9.11   4.25   5.20   9.08
195408  -0.16   0.26  -1.00  -3.00  -0.94  -5.07
195409   2.94   4.67   4.66   6.92   6.49   6.55
195410   0.48  -0.93  -0.75  -2.30  -1.00   0.37
195411   7.38   9.24   9.25   9.60   8.15  15.84
195412   7.52   9.44  11.46   4.28   5.88  11.72
195501   1.43   1.22   2.43   0.03   0.83   3.62
195502   3.79   5.53   4.58   3.09   2.72   3.42
195503  -0.59  -0.29   0.68  -0.32  -0.23   2.32
195504   1.22   1.27   2.52   4.12   1.99   4.40
195505   0.55   0.54   0.42   1.87   0.24   0.16
195506   1.78   3.53   3.41   6.51   7.54   8.83
195507  -1.52   0.99   1.39   2.05   2.35   0.40
195508  -0.09   0.62   0.25   0.61  -0.11   1.45
195509  -0.67  -0.55  -0.30   0.20  -0.36  -2.30
195510  -1.46  -0.83  -1.22  -3.09  -1.60  -3.28
195511   6.08   4.84   5.21   7.97   5.77   9.72
195512   3.53   2.32   2.50   1.90   1.86  -1.70
195601  -2.43  -2.03  -1.75  -3.99  -1.08  -2.36
195602   1.98   3.68   2.47   5.00   2.75   3.46
195603   3.89   3.81   5.01   7.19   7.19   5.20
195604   1.21   0.81   0.14  -0.05   1.28   0.81
195605  -3.65  -4.00  -4.54  -5.06  -4.83  -6.63
195606   1.12   2.48   1.37   4.66   2.85   1.75
195607   3.30   3.43   3.47   4.85   5.74   4.91
195608   0.50  -0.98  -2.09  -3.20  -3.06  -3.12
195609  -3.33  -3.05  -2.10  -5.94  -3.76  -3.68
195610   1.16   0.97   0.39   0.63   0.87   1.34
195611  -0.17   0.19   2.25  -0.28   2.19   0.60
195612   4.52   2.09   2.18   3.42   3.99   1.66
195701  -0.18   0.09   2.06  -4.33  -2.99  -1.69
195702  -2.81  -3.27  -2.70  -1.70  -1.68  -3.09
195703   2.08   2.60   2.30   2.70   1.90   1.72
195704   2.08   2.32   2.24   5.34   4.02   2.63
195705   3.09   1.26   1.75   4.63   2.91   1.84
195706   0.23  -1.25   0.75   0.00  -1.34  -0.73
195707   0.25   0.71   0.39   1.28   0.54   1.08
195708  -5.21  -4.42  -5.16  -5.44  -3.19  -6.10
195709  -7.13  -4.92  -5.05  -6.34  -4.31  -6.62
195710  -8.32  -5.65  -8.24  -3.79  -3.35  -7.32
195711   3.04   1.45   1.07   3.11   1.99  -0.55
195712  -4.56  -4.66  -5.85  -3.90  -2.37  -6.01
195801  12.00  10.47  11.96   3.41   5.97  12.02
195802  -1.63  -0.48  -0.51  -1.81  -0.54  -2.39
195803   5.46   3.82   3.08   3.41   3.20   3.35
195804   3.07   1.65   4.36   3.31   2.51   5.23
195805   6.31   4.26   4.24   2.06   2.61   3.71
195806   1.91   3.28   2.98   3.13   2.70   3.09
195807   4.27   6.12   7.11   4.39   3.91   7.72
195808   4.35   3.11   3.16   1.69   1.88   3.50
195809   5.50   4.29   7.97   4.74   4.36   8.25
195810   6.92   2.83   3.09   2.65   2.63   4.10
195811   7.68   4.19   4.06   3.33   2.13   4.38
195812   2.83   3.21   3.67   4.97   6.94   3.96
195901   4.37   5.17   5.68  -0.63   2.71   4.15
195902   2.52   3.70   2.76   0.55   1.53   2.28
195903   1.67   1.57   1.73   0.70  -0.02  -0.14
195904   3.97   3.41   2.16   4.74   2.52   3.87
195905  -1.22   0.40   1.43   2.73   0.59   3.69
195906   1.65   0.58   1.88  -0.39   0.39   2.10
195907   2.13   2.77   3.56   3.97   2.43   3.09
195908  -1.86  -1.21  -2.03  -1.36  -1.00  -0.37
195909  -5.37  -4.57  -3.98  -5.00  -3.26  -5.40
195910   3.99   2.52   1.18   1.44   1.79   0.21
195911   3.90   1.99   0.58   2.99  -0.14  -0.20
195912   3.51   2.44   2.08   2.97   2.57   4.26
196001  -5.82  -3.19  -3.03  -8.18  -4.38  -5.59
196002   2.04   1.42   0.55   1.36   2.18  -1.15
196003  -2.23  -2.55  -3.71  -0.88  -1.07  -5.14
196004   0.16  -2.19  -2.91  -1.54  -1.36  -3.18
196005   5.23   1.77   2.48   4.33   1.73  -0.37
196006   2.37   2.42   1.71   2.65   1.59   2.76
196007  -3.36  -1.85  -1.47  -3.52  -0.20  -1.28
196008   4.17   3.57   4.15   2.71   4.16   2.38
196009  -7.74  -5.85  -6.12  -6.75  -4.34  -5.18
196010  -6.47  -2.38  -2.80  -0.65   0.02   0.87
196011   6.47   5.01   2.97   5.44   3.97   4.04
196012   4.11   3.42   2.42   3.58   7.38   3.76
196101   7.38   7.76   9.70   4.86   7.87  10.03
196102   8.00   6.29   7.37   4.06   2.54   3.20
196103   7.32   4.79   5.87   2.19   4.03   2.18
196104   0.99   0.48   2.21  -0.33   1.16   2.50
196105   3.47   4.96   4.81   3.19   1.51   2.82
196106  -5.81  -4.53  -5.54  -2.27  -3.23  -2.99
196107  -0.45   1.25   1.31   3.11   3.60   1.11
196108   0.62   0.35   1.11   3.19   2.00   2.32
196109  -4.92  -3.16  -3.27  -1.14  -3.07  -3.78
196110  -0.09   3.28   0.28   2.28   3.98   3.13
196111   5.88   5.78   4.70   4.91   4.06   4.24
196112  -2.04   0.22   0.36  -0.21   0.34   1.79
196201  -2.39  -0.84   2.24  -5.02  -1.87   0.36
196202   0.63   0.76   1.80   1.86   2.38   2.49
196203  -0.45  -1.13  -0.54  -0.35  -0.31  -2.17
196204  -7.22  -7.25  -6.85  -6.62  -5.63  -6.12
196205 -11.33 -10.32  -9.53  -9.07  -6.86  -6.22
196206 -10.29  -7.53  -7.05  -9.02  -6.91  -6.65
196207   9.30   5.85   6.52   8.04   5.23   3.59
196208   4.63   3.46   2.49   2.74   1.65   2.45
196209  -8.22  -7.07  -6.22  -5.04  -4.62  -4.40
196210  -5.08  -3.27  -2.05   0.60   0.72   0.32
196211  14.87  13.56  14.43  11.30   9.97  13.85
196212  -3.59  -1.41  -2.19   1.55   1.83   0.80
196301   7.75   8.06   9.92   4.95   4.30   7.22
196302  -2.62  -1.51  -0.01  -2.81  -1.82  -0.95
196303   0.29   1.68   2.43   3.43   3.32   5.18
196304   3.62   2.79   4.86   4.94   4.56   5.75
196305   1.65   3.21   5.45   2.32   1.11   3.67
196306  -1.32  -1.99  -1.70  -2.33  -1.45  -0.45
196307  -1.08  -0.62  -1.14  -0.03   0.45  -1.60
196308   4.45   4.37   5.74   5.40   4.69   7.38
196309  -3.07  -0.55  -1.93  -1.05  -1.73  -1.81
196310   1.16   1.71   2.71   3.86   1.26   2.08
196311  -2.87  -1.26  -0.33  -0.25  -1.43   0.54
196312   0.35   0.50   0.27   2.05   3.04   1.92
196401   0.77   2.71   4.04   2.68   2.68   2.69
196402   1.58   2.13   4.15   1.42   1.68   4.50
196403   0.61   4.08   5.25   0.92   3.02   3.01
196404  -1.69  -0.31  -1.44   0.42   1.06  -0.68
196405   0.92   1.07   2.15   1.54   1.18   4.07
196406   1.31   1.26   1.96   1.67   1.29   2.45
196407   1.56   2.92   2.65   1.91   2.31   2.22
196408  -1.52  -0.38  -1.22  -1.23  -0.86  -1.29
196409   3.47   2.80   3.60   2.34   3.56   5.51
196410   1.05   1.37   2.30   0.29   1.77   1.32
196411  -0.14  -0.35   0.09   0.50   0.94  -3.65
196412   0.46  -0.84  -1.54   1.12  -0.30  -2.03
196501   6.89   5.93   6.62   3.95   2.85   4.62
196502   3.68   3.40   4.33   0.57   0.09   0.30
196503   0.92   0.55   1.51  -1.16  -1.60   0.39
196504   3.00   4.42   5.34   3.82   2.49   2.87
196505  -0.07  -0.94  -1.34  -0.27   0.06  -2.23
196506  -9.95  -8.81  -8.59  -4.57  -4.95  -4.78
196507   2.55   3.01   4.14   1.34   1.62   4.17
196508   6.74   4.98   5.05   2.94   2.82   2.49
196509   3.88   3.78   3.84   3.80   2.23   3.62
196510   5.97   5.35   6.37   2.84   1.91   5.64
196511   4.02   4.86   4.73  -0.01  -0.15  -0.27
196512   3.87   3.45   4.75   0.84   0.89   4.13
196601   4.30   5.52   6.99  -0.20   1.20   4.24
196602   3.68   3.22   3.41  -1.60  -0.82  -0.62
196603  -0.45  -2.90  -2.04  -1.54  -2.66  -4.04
196604   5.68   4.70   5.66   2.41   1.81   1.53
196605  -9.96  -9.97 -10.36  -4.19  -5.05  -7.10
196606   0.82   0.12  -0.04  -2.02  -0.07  -0.18
196607  -1.96  -1.64  -0.76  -1.61  -0.60  -1.17
196608 -11.34  -9.80 -10.46  -7.65  -6.59  -7.41
196609  -2.01  -1.01  -1.53  -0.98   0.19  -0.47
196610  -3.76  -0.12  -0.14   3.24   7.26   5.24
196611   7.56   4.82   2.69   3.73  -1.03  -0.60
196612   3.48   2.65   0.50  -0.37   1.40   0.03
196701  18.09  16.28  17.64   7.92   6.36  12.43
196702   4.74   2.90   3.18   2.02  -0.36  -0.94
196703   6.04   6.57   5.67   4.27   3.76   5.02
196704   5.49   3.96   3.22   5.99   1.80   3.16
196705  -1.65  -0.94  -2.41  -5.00  -3.55  -2.45
196706   9.44   8.18   8.32   1.42   2.09   4.43
196707   7.22   7.52  10.18   4.91   3.48   7.26
196708  -0.45   0.79   0.58  -0.75  -0.91   1.15
196709   6.86   5.26   4.69   3.81   2.69   1.05
196710  -0.78  -2.29  -3.48  -1.50  -3.76  -5.56
196711   1.29   1.36  -0.85   1.09   0.29  -0.18
196712  10.89   7.48   8.23   2.15   3.24   4.04
196801  -1.40   0.78   3.42  -6.19  -1.23  -1.48
196802  -7.37  -5.10  -5.08  -3.31  -2.10  -3.31
196803  -0.79  -1.07  -0.51   1.83  -0.72   0.38
196804  17.16  14.32  13.33  10.22   5.38  12.00
196805   9.79   8.21   8.89   2.45   0.15   5.04
196806  -0.18   1.44   1.48  -0.02   3.59  -0.33
196807  -5.80  -2.29   0.20  -4.53   0.15   0.43
196808   3.95   3.36   4.72   1.18   1.41   2.42
196809   7.38   6.93   6.44   3.31   4.27   4.77
196810  -0.63   2.15   1.34  -0.61   1.66   3.23
196811   8.54   8.28   6.78   5.49   5.56   5.45
196812   0.27  -0.46  -1.07  -4.82  -3.34  -3.43
196901  -1.78  -1.07  -0.71  -1.82   0.15   0.48
196902 -10.39  -8.08  -7.48  -3.96  -5.32  -5.03
196903   3.06   2.24   3.20   3.90   2.52   2.85
196904   0.81   1.87   1.24   3.22   0.39   2.90
196905  -0.27   0.77   0.12  -0.18   0.70   0.90
196906 -12.22 -11.13 -11.00  -3.43  -7.90  -6.84
196907 -11.28  -9.49  -7.24  -4.80  -7.55  -6.01
196908   7.31   5.51   3.67   6.69   4.37   2.64
196909  -0.48  -2.03  -2.71  -0.57  -3.56  -4.76
196910  10.99   8.01   7.00   6.25   4.57   3.79
196911  -5.53  -5.18  -6.37  -2.13  -3.84  -3.52
196912  -5.07  -5.18  -6.72   0.18  -1.82  -4.33
197001  -6.05  -5.17  -2.32  -8.08  -8.51  -5.68
197002   2.63   3.51   6.23   3.63   7.84   8.07
197003  -5.33  -1.11   0.15  -1.91   1.48   1.11
197004 -20.82 -13.99 -11.13 -10.59  -9.54  -7.48
197005 -11.40 -10.59  -7.87  -7.95  -4.17  -4.21
197006  -8.90  -6.94  -6.00  -5.43  -3.27  -6.76
197007   7.43   6.91   6.74   5.08   9.78   7.86
197008   6.19   7.09   6.56   4.08   5.28   5.89
197009  17.03  10.79   9.48   7.32   0.25   3.87
197010  -6.80  -6.75  -4.20  -0.67  -1.56  -2.85
197011   0.32   2.04   2.54   5.13   5.68   6.29
197012   7.86   9.57   9.30   5.36   6.69   5.89
197101  10.48  13.12  12.57   4.72   3.81   5.33
197102   4.63   3.38   2.36   2.39   0.32   1.97
197103   8.83   5.19   4.74   5.95   3.06   2.05
197104   3.02   3.92   3.38   4.02   2.60   5.14
197105  -4.30  -5.31  -5.23  -2.73  -4.24  -4.54
197106   0.59  -1.85  -2.12   1.15  -0.10  -0.14
197107  -6.91  -4.32  -5.86  -4.18  -3.52  -4.88
197108   4.30   3.69   6.73   5.54   1.18   8.55
197109   0.80  -0.73  -2.19   0.39  -1.22  -2.50
197110  -6.17  -4.30  -6.59  -3.85  -3.49  -4.38
197111  -2.80  -2.28  -4.16   0.89  -0.39  -1.24
197112  13.45  11.11  12.32   9.02   8.43   9.56
197201   9.17   6.70  10.68   2.67   0.34   5.21
197202   4.89   3.02   2.78   4.48   1.01   1.06
197203   1.45  -0.09  -0.51   2.21  -1.35   0.79
197204   0.37   1.17   0.43   0.73   0.10   1.11
197205  -1.76  -1.28  -2.80   3.00   0.88  -1.34
197206  -3.40  -2.61  -3.09  -1.02  -2.78  -6.28
197207  -5.21  -3.09  -2.01   0.56  -1.12  -1.10
197208  -0.90   2.05   2.52   1.43   7.11   7.35
197209  -3.46  -2.74  -3.16  -0.46  -1.06   0.22
197210  -2.54  -0.14  -1.05   0.49   2.26   1.65
197211   3.61   5.79   6.41   2.95   6.51   9.70
197212  -0.91  -1.10  -2.26   2.64  -0.75  -0.58
197301  -7.87  -5.11  -3.71  -2.61  -2.17  -1.41
197302 -11.11  -7.75  -5.86  -2.98  -4.91  -4.87
197303  -4.37  -2.56  -1.26  -1.32   0.49   1.24
197304 -11.62  -5.36  -5.00  -6.10  -2.55  -1.40
197305 -10.10  -7.23  -7.32  -0.92  -2.07  -3.31
197306  -5.48  -2.83  -2.66  -0.91  -0.37  -0.86
197307  17.97  10.29   8.93   6.39   2.16   5.07
197308  -3.96  -5.27  -4.08  -3.37  -2.91  -0.88
197309  11.02   9.59   8.45   2.21   9.08   9.02
197310  -2.39   0.27   0.97  -0.28  -0.22  -0.15
197311 -22.56 -17.76 -16.18 -12.49 -10.03 -10.86
197312  -2.51  -2.36  -1.27  -1.41   5.42   5.84
197401   7.72  10.29  13.90  -1.09  -1.06   4.45
197402   0.05   0.35   1.96  -1.08   1.30   2.11
197403  -0.45  -0.70   0.47  -1.76  -3.51  -2.86
197404  -6.40  -5.86  -3.67  -3.58  -5.89  -4.29
197405  -7.20  -8.00  -6.76  -1.57  -5.11  -6.15
197406  -3.20  -2.40  -1.21  -2.09  -1.73  -2.50
197407  -6.72  -4.23  -2.97  -9.42  -4.41  -2.75
197408  -9.54  -7.97  -7.39 -10.06  -5.65  -7.08
197409 -11.81  -7.04  -7.28 -13.67  -6.07  -7.18
197410  14.18   7.64   8.22  21.39  11.26   7.90
197411  -5.22  -4.34  -5.46  -4.04  -3.46  -3.96
197412  -7.21  -5.55  -7.70  -3.26  -0.03  -2.65
197501  24.70  26.79  30.35  10.53  16.94  21.30
197502   6.66   3.19   3.73   8.21   2.79   2.07
197503   7.77   6.86   8.32   2.88   1.55   7.18
197504   6.57   3.29   3.18   5.69   2.10   6.74
197505  10.30   6.84   6.85   5.67   5.86   0.97
197506   7.02   7.44   6.21   4.30   6.36   7.71
197507  -2.97  -2.44  -2.54  -7.51  -3.94  -4.64
197508  -4.61  -4.28  -6.61  -2.23  -1.66  -2.02
197509  -4.01  -3.36  -3.43  -3.92  -2.71  -3.84
197510   1.36   3.35   2.06   6.52   5.81   6.41
197511   1.31   2.40   3.81   3.03   3.56   4.52
197512  -1.63  -0.24  -0.90  -1.83   0.38   1.00
197601  14.98  18.49  24.61  10.79  14.55  18.37
197602   6.67   7.34  12.30  -1.32   1.85   4.74
197603   1.25   1.60   1.77   2.83   3.01   2.26
197604  -1.02  -0.97  -1.11  -1.60   0.24  -1.54
197605  -0.87  -2.02  -3.59  -0.61  -1.59  -0.52
197606   3.93   3.64   3.88   4.46   5.18   5.96
197607  -1.12   0.68   0.76  -1.19   0.22   0.39
197608  -3.42  -1.38  -1.27  -0.30   1.16  -0.91
197609   3.50   2.49   2.22   2.18   3.14   2.90
197610  -2.71  -1.45  -2.08  -2.46  -1.17  -3.36
197611   3.66   3.22   3.93  -0.74   2.44   2.05
197612   9.60   9.52  10.08   4.79   6.63   8.77
197701   0.77   2.27   3.21  -6.30  -1.59  -0.22
197702  -0.92  -1.19   0.10  -1.87  -1.51  -1.92
197703   0.27   0.77   0.20  -1.64  -0.62   0.50
197704   1.07   1.28   2.55  -1.11   2.01   4.32
197705  -0.73   0.17   0.73  -1.79  -0.08  -1.58
197706   7.45   6.22   6.97   5.66   3.76   4.84
197707   0.04   0.04   0.56  -1.47  -1.05  -3.22
197708   0.74  -0.83  -1.51   0.34  -3.46  -3.00
197709   1.62   1.77   0.58  -0.70   1.04  -0.68
197710  -3.84  -2.10  -1.57  -4.32  -3.80  -3.18
197711   8.26   7.37   8.14   4.01   3.83   4.84
197712   3.20   1.48   1.58   0.21   0.88   1.15
197801  -4.71  -2.84  -1.20  -6.41  -5.67  -3.34
197802   1.57   2.54   2.53  -2.54   0.37  -1.90
197803   6.35   6.70   7.04   2.18   3.60   3.99
197804   9.93   7.52   7.19  11.06   5.53   6.87
197805   7.20   5.83   5.87   1.94   1.14   2.07
197806  -0.94   1.13   0.38  -1.39  -1.56  -1.55
197807   6.97   5.05   5.74   6.90   4.13   5.91
197808   8.27   8.18   8.82   3.56   4.39   2.05
197809  -1.86  -0.39  -0.63  -2.57   0.98  -0.05
197810 -23.11 -18.43 -18.73  -9.90  -9.10 -11.57
197811   8.87   5.03   4.40   2.96   3.27   3.01
197812   3.03   1.96   1.94   2.89   0.70  -0.39
197901   8.57   7.91   9.63   3.24   5.09   6.69
197902  -3.44  -2.24  -1.91  -3.72  -2.36  -2.89
197903  11.63   8.41   8.50   5.72   5.69   7.55
197904   1.66   2.97   3.32   0.19   0.60   0.68
197905  -2.64  -0.78   0.49  -1.83  -1.27  -1.30
197906   5.71   6.02   6.04   3.09   5.55   5.65
197907   2.03   4.05   3.05   0.58   1.77   3.00
197908   9.05   7.36   7.38   6.74   5.45   5.37
197909   0.78  -1.10  -1.06  -0.76   0.92  -0.77
197910  -9.24 -10.60 -11.30  -6.65  -6.19  -8.31
197911  10.94   6.83   6.85   6.57   5.71   4.10
197912   8.14   5.23   5.15   2.98   1.09   1.95
198001   7.87   7.76   8.47   4.88   6.34   7.92
198002  -0.41  -2.91  -2.71  -3.09   2.06   0.44
198003 -19.31 -16.06 -17.32  -8.94 -10.77 -13.05
198004   6.13   6.41   5.88   3.73   5.66   6.11
198005   8.08   7.90   8.10   5.66   5.48   6.45
198006   5.32   4.35   4.33   3.18   3.44   2.37
198007  13.31   9.58   7.21   9.36   5.25   2.76
198008   8.47   4.98   3.62   2.21   1.39   1.76
198009   5.25   2.95   0.87   4.15   3.27  -0.95
198010   5.82   2.37   3.04   1.82   2.88  -0.93
198011  12.61   4.43   2.49  11.65  13.43   4.88
198012  -5.31  -1.82  -1.33  -2.14  -4.75  -0.74
198101  -3.77   0.78   2.24  -6.00  -5.39   1.64
198102  -0.69   2.37   2.84   2.81   1.26   1.33
198103   7.68   8.01   7.65   3.79   3.60   5.22
198104   2.56   3.55   3.91  -2.17  -2.16   1.06
198105   4.92   2.95   1.72   0.84  -0.49   3.22
198106  -5.73   0.74   1.28  -3.23   2.09  -0.05
198107  -2.79  -2.41  -1.59   1.34  -0.57  -1.05
198108  -9.99  -5.92  -4.71  -6.82  -5.49  -2.45
198109 -10.26  -6.50  -4.89  -6.32  -5.99  -1.35
198110  10.46   6.69   5.79   8.11   3.96   4.40
198111   0.88   4.91   4.65   4.11   5.07   4.14
198112  -2.34  -0.95  -1.49  -3.13  -2.72  -2.50
198201  -4.80  -3.31  -0.85  -1.87  -3.67   0.43
198202  -7.46  -3.06  -0.80  -7.36  -3.36  -1.95
198203  -2.19  -0.47   1.56  -1.96  -0.53   1.93
198204   6.55   5.67   4.16   5.78   3.50   2.58
198205  -3.58  -2.29  -0.94  -3.46  -2.29  -2.45
198206  -3.56  -1.65  -1.29  -2.48  -1.17  -1.67
198207  -2.42  -0.55  -0.99  -0.66  -4.19  -1.69
198208   8.12   8.94   8.13  11.01  13.20  13.33
198209   2.64   4.76   5.22   1.92   2.02   0.02
198210  15.89  13.26  11.59  12.78  11.20   9.70
198211  10.01   8.43   9.31   7.09   2.34   3.95
198212   1.30   1.20   0.87   1.15   1.14   1.61
198301   9.72   5.44   4.92   2.80   3.30   5.88
198302   4.28   6.59   7.09   3.65   2.38   2.21
198303   2.63   6.38   6.25   2.47   4.47   3.00
198304   7.83   8.00   7.57   5.70   9.03   7.11
198305   7.96   5.35   5.08  -0.14   0.14  -0.07
198306   5.65   4.39   2.38   5.27   3.68   0.77
198307  -5.81  -0.02   1.26  -5.20  -2.70  -1.12
198308  -4.80  -2.83  -0.35  -1.34   0.92   5.29
198309   0.10   2.49   3.99   2.58   1.51   0.81
198310  -9.02  -4.39  -2.21  -3.57  -0.87  -0.39
198311   4.75   4.24   4.34   2.81   2.47   1.91
198312  -3.17  -0.39   0.23  -0.69  -1.08  -0.73
198401  -4.22  -0.29   2.10  -5.31   0.59   3.57
198402  -6.98  -5.00  -3.55  -4.76  -4.16  -1.56
198403   0.19   1.36   2.29   1.56   1.57   0.46
198404  -1.23   0.10  -0.04   0.46   0.20   1.73
198405  -5.95  -4.80  -4.40  -4.81  -4.55  -5.90
198406   4.58   2.10   1.09   4.40   1.58   2.64
198407  -5.55  -2.98  -3.32  -0.98  -1.80  -2.43
198408  13.43  10.31   9.54  11.28  11.16  11.51
198409  -2.72   1.42   2.33  -2.40  -0.37   3.17
198410  -2.19  -0.31   0.03   0.77   0.86  -0.50
198411  -4.54  -0.30   0.39  -2.23  -1.29   0.93
198412   2.02   1.67   2.18   2.66   2.72   2.23
198501  14.99   9.99   8.70  10.12   8.12   5.64
198502   2.99   2.84   1.71   1.30   1.66   2.24
198503  -3.22  -1.21   1.40  -1.27  -0.59   2.17
198504  -2.01   0.14   1.65  -1.86  -0.77   1.90
198505   4.24   4.07   3.22   5.98   7.12   5.25
198506   1.41   2.55   2.35   1.54   1.88   1.45
198507   2.77   2.47   1.10   0.21  -0.95  -1.46
198508  -1.97  -0.03   0.25  -1.53  -0.07   0.81
198509  -7.27  -4.24  -4.19  -3.87  -2.71  -4.37
198510   3.22   3.72   3.26   4.00   5.38   5.50
198511   7.84   6.92   6.31   9.07   6.60   4.75
198512   5.03   4.02   3.28   5.77   3.62   4.41
198601   2.27   1.53   2.56   0.77   0.43   1.55
198602   7.33   7.25   6.67   8.00   8.25   6.89
198603   4.30   5.37   5.18   6.24   5.81   4.35
198604   2.37   1.14   0.45   0.56  -1.79  -3.32
198605   3.35   5.29   3.48   5.45   5.53   5.08
198606  -0.09   0.96   1.93   1.84   1.16   2.59
198607 -10.70  -8.80  -5.68  -7.17  -5.22  -2.67
198608   2.14   3.58   4.51   4.78   8.48   9.45
198609  -8.23  -4.82  -4.75 -10.06  -7.46  -7.14
198610   4.36   2.80   1.60   5.60   5.37   5.49
198611   0.04  -0.59   0.34   1.99   2.24   1.50
198612  -3.17  -2.91  -2.04  -2.44  -2.99  -2.94
198701  12.57  11.09   9.07  13.87  13.27  10.95
198702   9.55   6.78   5.06   7.48   3.48   0.06
198703   1.34   2.65   3.68   1.66   2.33   2.49
198704  -2.68  -3.01  -3.66  -1.82  -0.96  -1.49
198705  -0.32  -0.02   0.72   1.49  -0.22   0.76
198706   1.46   3.25   3.54   4.64   5.45   4.68
198707   2.19   3.30   5.44   5.58   3.50   3.74
198708   2.84   3.78   2.91   4.67   4.33   2.78
198709  -2.55  -1.25  -1.38  -1.93  -2.32  -2.54
198710 -32.33 -27.91 -27.74 -23.19 -20.22 -19.37
198711  -6.98  -3.98  -3.50  -8.76  -7.83  -5.79
198712   9.23   6.99   4.66   9.17   6.38   4.88
198801   2.24   4.85   6.58   2.06   5.64   8.03
198802   8.42   7.98   7.11   5.43   4.58   3.45
198803   3.71   3.88   3.34  -3.09  -3.18  -1.24
198804   1.35   1.94   2.54  -0.66   2.08   1.54
198805  -2.92  -1.78  -0.48   0.01   0.63   2.13
198806   7.61   6.89   6.19   4.78   5.65   3.97
198807  -2.44  -0.09   0.33  -1.54  -0.31   0.22
198808  -4.06  -1.70  -1.38  -2.88  -3.14  -1.39
198809   2.68   2.97   2.74   5.07   3.48   3.66
198810  -2.02  -0.05   0.59   2.26   1.94   3.01
198811  -3.86  -2.58  -2.64  -1.69  -1.85  -0.37
198812   4.06   3.87   3.00   2.77   1.60   0.76
198901   4.35   4.50   5.43   7.07   6.56   7.05
198902   0.49   0.79   1.25  -2.34  -2.06  -1.38
198903   2.53   3.02   3.42   2.52   1.66   2.60
198904   4.82   4.36   3.86   6.00   4.76   4.06
198905   4.67   3.74   3.83   4.82   3.56   3.98
198906  -3.04  -0.80  -0.09  -0.96  -0.35   0.43
198907   4.37   4.17   3.47  10.81   7.17   6.10
198908   2.83   2.74   2.57   1.08   2.84   2.63
198909   1.38   0.16  -0.85   0.53  -0.82   0.08
198910  -5.01  -5.73  -6.45  -1.36  -3.93  -2.11
198911   0.70   0.86  -0.12   2.39   1.66   1.06
198912   0.16  -0.40  -0.24   1.68   2.42   2.55
199001  -9.28  -7.65  -7.93  -7.52  -6.37  -7.09
199002   3.26   2.63   2.30   0.32   2.18   2.54
199003   4.35   3.79   2.31   4.14   1.41   0.48
199004  -2.83  -3.12  -4.39  -0.90  -3.46  -4.50
199005   8.47   6.45   4.33  10.82   8.65   7.47
199006   1.21   0.45   0.06   1.31  -2.38  -1.56
199007  -4.49  -3.76  -4.24  -1.29  -0.04  -1.56
199008 -14.78 -12.20 -11.35  -9.70  -7.95  -9.93
199009 -10.32  -8.32  -8.19  -5.73  -3.73  -6.37
199010  -5.99  -5.56  -5.88   0.38  -1.96   0.78
199011   8.93   6.48   4.96   7.37   6.82   5.19
199012   4.18   3.49   2.88   3.74   2.41   1.95
199101   9.32   8.32   7.65   6.32   3.26   4.31
199102  11.71  10.24  11.25   7.83   6.54   7.10
199103   7.76   5.25   6.63   4.04   1.13   2.77
199104  -0.65   1.43   1.58  -0.27   0.79   0.31
199105   4.27   4.88   2.63   4.67   2.91   5.22
199106  -5.30  -3.27  -4.10  -4.87  -4.31  -3.68
199107   4.22   3.55   2.97   5.44   4.02   4.11
199108   4.43   3.11   4.31   3.37   1.81   1.88
199109   1.23   0.67  -1.05  -2.17   0.02  -1.90
199110   3.11   2.59   1.91   1.52   1.67   1.77
199111  -4.80  -3.76  -5.51  -2.50  -4.51  -5.62
199112  10.17   6.73   7.52  14.47   7.67   9.04
199201   7.64   7.45  10.45  -2.28  -1.52   3.96
199202   0.77   2.84   7.02   0.37   0.75   6.87
199203  -6.35  -1.24  -0.66  -2.78  -1.29  -1.12
199204  -5.56  -2.41  -1.01   0.13   4.97   4.23
199205  -0.66   0.92   2.52   0.92   0.45   0.24
199206  -6.17  -3.22  -2.71  -2.47  -1.15   0.84
199207   2.62   3.33   3.81   4.32   4.65   2.09
199208  -4.33  -1.50  -2.64  -1.10  -2.14  -4.89
199209   1.48   2.46   1.45   1.67   0.86   1.22
199210   4.37   2.52   1.66   2.40  -0.91   0.92
199211   9.63   6.47   6.70   4.58   2.55   4.56
199212   2.60   3.63   4.94   0.70   2.12   3.41
199301   1.30   4.04   6.59  -1.10   1.50   5.39
199302  -6.38  -0.13   1.09  -2.35   4.12   3.08
199303   2.08   2.60   3.65   1.76   3.10   2.72
199304  -3.77  -2.54  -2.60  -5.04  -0.89  -0.94
199305   6.66   3.23   3.09   4.01   2.36   0.73
199306   0.72   0.48   1.49  -1.03   1.20   3.43
199307  -0.36   1.48   2.26  -2.25   1.14   1.64
199308   3.98   4.69   3.34   3.63   4.09   3.37
199309   3.24   2.31   2.56  -0.70   0.47  -0.99
199310   3.88   1.69   2.64   2.98  -0.19   1.10
199311  -3.29  -2.72  -2.42  -0.05  -2.64  -1.44
199312   2.59   3.87   2.74   1.40   1.77   2.39
199401   1.92   2.90   5.09   1.98   4.49   3.03
199402  -0.91   0.82  -0.91  -1.65  -3.05  -4.47
199403  -6.21  -4.82  -4.30  -4.72  -3.80  -3.95
199404  -0.80   0.64   1.37   0.35   2.03   1.57
199405  -2.54  -1.03   0.06   1.50   1.77  -0.75
199406  -4.75  -2.08  -2.09  -3.03  -2.13  -2.32
199407   1.45   1.51   2.30   3.08   3.32   4.19
199408   7.47   4.29   3.98   5.90   3.04   2.45
199409   0.58  -0.18  -0.46  -1.14  -3.25  -3.72
199410   0.59  -0.08  -2.03   2.35   2.50   0.23
199411  -3.73  -3.45  -3.73  -2.92  -4.48  -3.02
199412   0.63   2.09   1.31   1.41   1.21   1.26
199501  -1.13  -0.14   0.96   2.22   2.92   3.42
199502   3.60   3.25   4.35   4.02   4.13   4.04
199503   2.69   2.04   0.95   2.99   3.17   0.62
199504   1.19   3.00   3.20   2.08   3.07   3.47
199505   0.78   1.98   2.91   3.55   3.59   5.23
199506   7.22   4.93   3.93   3.92   1.74   1.24
199507   7.84   4.77   4.76   4.00   4.08   2.65
199508   2.21   2.93   3.89   0.10   1.17   2.25
199509   2.48   1.81   1.56   4.85   3.31   3.88
199510  -5.83  -4.97  -3.68   0.48  -1.26  -1.88
199511   3.56   3.30   4.04   3.95   5.26   4.14
199512   1.83   2.58   2.19   0.28   2.49   2.73
199601   0.04   0.33   1.10   3.02   3.14   2.77
199602   4.73   2.58   2.28   1.99   1.66  -0.21
199603   2.12   2.76   2.83   0.20   1.55   2.04
199604   8.80   4.70   4.37   2.82   1.23  -0.85
199605   6.07   4.38   5.41   3.80   0.92   1.66
199606  -6.27  -2.37  -2.42   0.02  -0.18   0.02
199607 -13.80  -6.11  -5.35  -5.55  -3.70  -5.23
199608   7.10   4.61   4.55   2.05   3.86   3.46
199609   5.19   2.69   2.84   6.83   4.69   1.66
199610  -5.12  -0.05   1.14   0.67   3.58   4.06
199611   1.84   4.65   3.64   7.25   7.91   5.77
199612   0.66   2.68   1.84  -1.71  -1.43  -0.91
199701   4.24   2.86   3.18   6.62   5.21   3.01
199702  -6.15  -0.27   1.14   0.01   0.45   2.09
199703  -8.44  -3.23  -1.82  -5.50  -2.61  -4.40
199704  -3.20   0.68  -0.18   6.72   4.50   1.65
199705  15.56   9.79   7.90   7.01   5.84   5.92
199706   3.76   5.76   6.58   4.17   4.65   2.79
199707   4.89   5.49   5.51   7.75   8.84   6.87
199708   3.88   3.26   3.21  -5.77  -3.54  -2.36
199709   8.86   7.91   7.90   5.07   6.02   5.54
199710  -5.89  -3.47  -2.28  -3.51  -3.05  -2.70
199711  -3.18  -0.84   0.40   4.85   3.44   3.30
199712  -2.13   1.09   2.18   1.01   2.95   4.38
199801  -0.42  -1.51  -0.74   2.99  -2.00  -0.84
199802   8.31   7.14   7.22   7.22   7.89   6.60
199803   4.54   4.54   4.83   4.60   5.50   6.78
199804   0.78   1.46   2.26   1.18   1.62   0.26
199805  -7.32  -4.65  -2.54  -2.58  -2.20   0.87
199806   0.69  -0.88   0.32   5.89   1.88   1.82
199807  -7.69  -7.86  -6.67  -0.48  -3.16  -3.80
199808 -24.36 -18.85 -17.22 -14.61 -17.31 -11.27
199809   8.73   5.52   2.84   7.72   3.96   5.86
199810   4.85   3.62   2.89   8.30   7.92   4.72
199811   9.12   5.47   5.48   7.09   5.68   3.88
199812   6.66   3.34   2.80   8.70   1.82   3.16
199901   4.82   1.27   0.47   5.69  -0.66  -1.07
199902  -9.23  -6.97  -8.19  -4.26  -1.26  -2.20
199903   0.06   0.18  -2.78   4.20   3.59   1.19
199904  10.14   9.83   8.74   1.70   9.48   7.99
199905   1.43   1.55   4.43  -2.55  -0.81  -0.17
199906   6.49   6.11   6.07   6.83   2.61  -1.13
199907  -1.26  -0.87  -0.56  -3.13  -3.49  -2.81
199908  -2.94  -3.16  -2.88  -0.25  -2.57  -2.20
199909   0.63  -0.76  -2.57  -1.95  -5.53  -4.70
199910   1.12  -0.66  -3.09   7.07   5.81   4.81
199911  13.24   6.21   3.42   4.15  -2.55  -2.07
199912  18.15   8.51   5.86   7.85   1.90   1.75
200001   0.58  -0.23   0.30  -4.76  -3.69  -4.00
200002  28.29  15.52  11.55   1.24  -4.57  -7.38
200003 -13.43  -3.76  -1.02   8.70  10.64  11.63
200004 -14.25  -5.54  -4.56  -4.29  -1.17   4.29
200005  -8.08  -5.52  -3.70  -3.43   1.05  -0.37
200006  17.52   9.25   7.96   5.03  -5.88  -5.52
200007  -7.24   1.43   2.32  -2.97   3.41   4.50
200008   8.54   5.67   6.32   7.56   8.42   7.23
200009  -7.08  -0.24  -1.06  -6.20   1.97   1.47
200010  -8.21  -1.15  -1.84  -2.19   0.96   1.02
200011 -16.25  -4.38  -2.46 -10.90  -3.02   0.15
200012   2.76   9.40   8.12  -0.28   9.28   6.61
200101  12.52   5.25   6.49   3.77   1.00  -1.60
200102 -12.28  -0.50   0.48 -11.67  -0.50   3.31
200103  -7.34  -1.43  -1.16  -8.18  -1.74  -1.64
200104  10.21   4.92   5.15   8.94   5.26   5.27
200105   4.07   4.55   6.37   0.40   1.97   3.63
200106   6.42   5.15   2.02  -1.91  -1.85  -1.80
200107  -9.51  -4.05  -1.03  -1.68  -1.36   1.09
200108  -7.67  -2.34  -1.24  -6.98  -3.97  -6.67
200109 -17.25 -12.99 -14.37  -8.31  -8.90  -7.59
200110  11.16   5.08   4.41   3.31   0.73  -4.01
200111   9.25   7.16   8.89   8.28   5.86  10.01
200112   6.69   6.83   6.96   0.75   2.97   1.35
200201  -5.16   1.12   2.70  -0.86  -2.00  -1.82
200202  -8.17  -1.32  -0.40  -2.60   0.10  -2.55
200203   9.02   7.51  10.07   3.62   5.17   4.91
200204  -3.57   2.72   3.96  -6.94  -1.49  -6.05
200205  -6.51  -3.67  -2.52  -1.36   0.10  -0.27
200206  -7.60  -2.79  -2.42  -7.34  -6.55  -9.41
200207 -14.49 -14.30 -14.87  -5.96  -9.42 -12.84
200208  -0.65   0.61  -0.80   0.25   0.80   4.88
200209  -8.64  -7.67  -6.58 -10.58 -10.22 -10.18
200210   6.82   4.37  -0.22   9.71   6.44   3.76
200211  13.92   7.52   7.72   5.00   6.59   8.07
200212  -9.12  -4.11  -3.31  -6.28  -4.59  -4.31
200301  -2.33  -2.41  -1.37  -2.67  -2.26  -5.38
200302  -3.57  -2.38  -3.29  -1.01  -3.26  -4.21
200303   2.03   0.58   0.94   1.70   0.10  -0.55
200304  11.24   9.46   9.11   7.64   9.08   9.66
200305  13.14  10.74  10.38   4.99   6.90   8.04
200306   2.41   2.48   3.59   1.21   1.34   1.40
200307   8.38   6.23   6.32   2.32   1.73   0.16
200308   4.63   4.97   6.15   1.79   2.24   3.71
200309  -1.82  -1.68   0.90  -0.80  -1.93  -1.52
200310   8.25   8.27  10.83   5.11   7.44   6.13
200311   2.86   3.94   4.51   0.84   1.71   2.12
200312   0.78   2.35   4.07   4.29   4.90   6.36
200401   3.95   4.35   6.06   1.59   2.11   2.76
200402   0.42   0.69   0.75   1.20   2.42   1.70
200403   1.03   0.59   0.41  -1.83  -0.56  -1.11
200404  -3.62  -3.43  -6.06  -0.68  -3.18  -1.62
200405   1.06   1.02   0.75   1.39   0.80   1.12
200406   3.45   4.36   5.26   1.22   2.18   2.71
200407  -9.91  -5.27  -4.35  -4.90  -1.67  -1.51
200408  -2.12  -0.27  -0.82  -0.18   0.95   0.78
200409   5.53   4.89   3.90   0.54   2.24   2.89
200410   3.21   1.13   1.48   1.76   0.97   1.80
200411   8.15   8.63   9.94   3.45   5.24   5.52
200412   4.29   2.57   3.95   4.03   2.56   3.66
200501  -5.74  -3.16  -2.09  -2.95  -1.79  -1.29
200502   0.43   2.07   3.70   0.81   4.34   3.21
200503  -4.05  -2.36  -1.78  -1.23  -2.81   0.00
200504  -6.41  -5.79  -6.36  -1.34  -2.91  -2.31
200505   7.37   6.24   5.54   3.93   2.93   3.31
200506   2.61   4.21   4.52  -0.97   1.96   2.67
200507   6.62   6.95   6.13   4.63   2.55   4.22
200508  -2.08  -1.39  -0.87  -1.64  -0.06  -0.02
200509   0.51   0.58   0.46  -0.24   1.72   2.12
200510  -3.63  -2.81  -2.46  -0.27  -2.69  -2.84
200511   5.14   4.76   3.44   4.27   3.82   2.26
200512  -0.21  -0.17  -0.35  -0.66   1.04   0.43
200601   8.63   9.50   7.69   1.26   4.03   4.54
200602  -0.35  -0.32  -0.66   0.33   0.35  -1.08
200603   4.27   5.47   4.85   1.58   1.54   0.78
200604  -0.74   0.95   1.59  -0.31   2.30   3.52
200605  -7.65  -4.60  -3.93  -3.12  -2.67  -1.29
200606  -0.60   0.16   0.27  -0.37   0.03   1.78
200607  -5.82  -2.78  -1.86  -1.21   1.34   1.38
200608   3.24   2.68   2.44   3.47   1.65   0.75
200609   0.97   1.19   0.93   2.69   2.22   1.88
200610   5.91   5.01   5.11   3.14   3.06   4.90
200611   2.64   2.68   3.12   1.44   2.76   1.92
200612  -0.57   0.80   2.14   0.43   1.85   2.76
200701   2.19   1.00   2.46   2.28   1.14   1.97
200702  -0.21  -0.37  -0.31  -2.00  -1.59  -1.42
200703   1.31   1.37   0.60   0.61   1.35   2.10
200704   2.32   1.93   1.74   4.88   3.86   3.52
200705   4.14   4.08   2.78   2.98   4.04   4.05
200706  -0.69  -0.90  -1.66  -1.20  -1.98  -2.36
200707  -4.89  -5.81  -7.82  -1.59  -4.28  -4.64
200708   1.72   2.16  -0.87   1.63   2.31  -0.51
200709   2.66   0.85  -0.28   4.56   2.83   3.24
200710   3.63   1.68   0.92   2.98   0.86   1.75
200711  -6.75  -6.99  -7.73  -3.44  -5.07  -4.64
200712   0.26  -0.84  -0.74  -0.44  -1.55   0.52
200801  -8.17  -5.84  -4.65  -7.26  -4.40  -4.68
200802  -4.11  -2.95  -3.69  -2.37  -3.88  -2.86
200803  -1.38   1.05   0.05   0.51  -2.92  -0.37
200804   4.85   2.91   2.94   3.98   5.35   5.83
200805   5.08   5.47   3.57   2.26  -0.17   3.10
200806  -7.57  -7.75  -7.76  -7.32  -9.80  -9.16
200807   2.75   2.58   5.49  -0.81  -2.92   3.82
200808   3.07   4.17   7.01   1.57   0.84   0.59
200809 -10.87  -7.00  -7.13  -9.62  -9.79  -4.56
200810 -21.83 -19.35 -20.33 -15.05 -17.08 -22.54
200811 -11.99 -11.10 -14.43  -6.28  -6.66 -13.70
200812   5.53   4.02   5.37   2.21   0.84  -0.03
200901  -7.52 -10.50 -15.94  -4.57 -10.58 -15.86
200902  -9.82 -11.39 -15.36  -7.27 -12.72 -15.53
200903   9.13  10.12  11.42   8.09   9.41  10.99
200904  16.20  16.69  18.12   7.34  11.20  16.27
200905   3.54   3.19   2.42   4.22   6.47   6.45
200906   5.23   1.06   1.53   1.48  -1.97   0.30
200907   6.85  10.16  14.45   6.79   8.52   8.66
200908   0.96   3.04   9.17   1.93   3.90   8.88
200909   6.78   5.73   7.83   3.58   4.03   5.33
200910  -6.78  -6.43  -9.42  -0.58  -2.71  -6.68
200911   1.74   2.04   4.32   6.71   4.88   4.47
200912   8.46   8.30   8.57   1.93   2.76   3.27
201001  -3.75  -2.73  -2.96  -3.97  -2.49  -3.55
201002   3.62   4.13   7.55   3.14   3.17   4.68
201003   7.37   8.09   9.04   5.40   6.58   7.79
201004   4.65   6.26   9.41   0.90   2.17   2.45
201005  -6.53  -7.22 -10.46  -7.46  -8.31  -8.18
201006  -6.11  -7.68 -10.92  -4.71  -5.19  -8.43
201007   6.83   6.61   7.69   6.81   7.43   6.39
201008  -6.90  -7.95  -8.31  -4.14  -4.19  -6.00
201009  14.04  12.56  11.00  10.06   8.95   7.06
201010   4.66   4.08   3.74   4.73   3.57   1.05
201011   3.15   4.31   3.56   0.58   0.37  -0.92
201012   7.32   8.07   9.61   4.94   7.92   9.81
201101  -0.40  -0.03   0.45   1.91   2.70   2.78
201102   4.96   5.16   6.15   2.57   4.10   4.72
201103   3.24   2.46   2.31   0.09   1.49  -1.43
201104   3.43   2.01   1.33   3.83   2.45   1.44
201105  -1.19  -2.29  -3.33  -0.54  -1.48  -2.82
201106  -1.63  -2.00  -1.92  -1.48  -1.79  -2.03
201107  -4.17  -4.13  -3.51  -0.81  -2.95  -3.87
201108  -9.09  -9.19  -9.66  -4.21  -7.06  -6.76
201109 -10.99 -11.40 -11.12  -6.42  -7.63  -8.42
201110  15.50  15.81  12.98  10.19  12.44  10.92
201111  -1.42  -0.37  -0.07  -0.14   0.89  -1.84
201112  -0.20   0.71   1.09  -0.26   2.06   1.51
201201   7.95   6.99   5.98   6.05   3.56   3.74
201202   3.55   2.39   2.86   4.54   3.88   5.32
201203   2.61   2.90   2.83   3.96   1.45   3.60
201204  -1.23  -2.06  -0.97  -0.57  -0.66  -1.22
201205  -6.57  -6.42  -5.79  -5.88  -6.16  -6.46
201206   5.88   4.24   4.77   3.03   4.34   5.06
201207  -2.97  -1.08  -1.44   1.27   1.24  -0.23
201208   3.28   3.37   3.57   2.69   1.78   3.58
201209   3.24   3.60   3.87   1.73   3.29   4.24
201210  -3.86  -1.28  -0.43  -2.87  -1.51   2.03
201211   0.75   0.82   1.07   1.57   0.00  -0.93
201212   2.55   3.79   4.30  -0.15   1.13   4.67
201301   6.61   6.08   6.52   4.63   5.69   7.42
201302   1.09   0.58   1.43   1.19   1.59   1.46
201303   5.30   4.23   4.88   3.71   4.17   4.02
201304  -0.81  -0.65  -0.38   1.81   1.52   2.10
201305   5.23   5.39   4.65   2.14   2.01   5.34
201306   0.53  -0.27  -0.54  -2.03  -0.07  -1.87
201307   7.30   7.09   8.03   5.53   4.93   6.40
201308  -1.16  -3.64  -3.51  -1.69  -3.19  -4.26
201309   6.43   6.71   5.08   4.20   2.96   2.51
201310   1.01   3.39   3.96   4.49   4.14   4.32
201311   4.95   4.52   3.80   3.26   2.44   3.64
201312   1.76   2.70   1.94   2.42   3.41   1.90
201401  -0.35  -4.08  -3.52  -3.23  -3.52  -3.73
201402   4.04   5.10   4.74   5.02   4.72   3.35

